0.5 0.1; 135.0 45.0 29.999999999999993 29.999999999999993; 0.1 0.1 0.1 0.1
0.5 0.1; 132.86226697451588 45.77269869052792 28.22712554173994 28.98077325271378; 0.10597135983606225 0.11706148881594042 0.10732989551701341 0.1160092794835065
0.5 0.1; 130.75892948989988 42.62807129623577 28.046225955480526 28.94253566694263; 0.11051530747123273 0.1172751026735929 0.10834316724776458 0.1203226864331824
0.5 0.1; 130.75954858378736 37.02038065311318 28.03267705527322 27.2019951021421; 0.11059825764388825 0.11731380088403279 0.10864875590793004 0.12034216809902064
0.5 0.1; 130.7493591480367 33.78422723778446 28.943226230750962 27.612047496861816; 0.11100621918282785 0.11718854198836451 0.10870954042331288 0.12002645959870901
0.5 0.1; 130.58648523323438 27.895857166134775 28.94119797276848 27.979492346566207; 0.1111349807546051 0.12283691448157956 0.10911496609126471 0.12160660999557207
0.5 0.1; 130.34183488745583 25.95461352162189 28.28986391546296 27.80212665289555; 0.11135838534221074 0.12284062606282113 0.10918748462220453 0.12673910637235114
0.5 0.1; 128.7929091620908 23.535527343835728 28.606430998303175 30.36670837334761; 0.11660212466269372 0.1263009788581299 0.10925229403016139 0.12662612513910113
0.5 0.1; 127.04095259544007 22.847709039092734 27.89125354262974 33.57818931789389; 0.11727931794620601 0.1269627299452362 0.10955323566563543 0.1269514066781872
0.5 0.1; 126.83117372362051 21.85437889532525 32.46122320722519 33.58819717254694; 0.11781063081325334 0.1313246999226752 0.11088628126279336 0.1261670844842405
0.5 0.1; 126.64145139881909 21.815036254029433 34.427494732641236 29.36521058151358; 0.11857860658513689 0.13347561449615886 0.1115509936276862 0.12646524970422934
0.5 0.1; 125.76421851606088 18.360900703685253 38.63613439758539 29.356397553263477; 0.11879784500684663 0.1335008391107916 0.11184042631300381 0.12647653177835694
0.5 0.1; 125.75312934819492 17.918749790650292 38.731811097941716 22.293241858129864; 0.1188670689181909 0.13538661684084785 0.11523943717586926 0.1275541424310569
0.5 0.1; 123.67025149972895 17.81565191980274 39.39994866757249 20.259698375987657; 0.11891638363143418 0.13571987207956557 0.11535553059667951 0.127608714805386
0.5 0.1; 123.10948365585352 17.368631884598763 40.15498626733434 17.09604553764622; 0.11909891054436574 0.1361755907760288 0.11536648930767623 0.1276668059970995
0.5 0.1; 121.63468609756279 15.265972772919893 40.160701426141266 17.06317643645418; 0.11915033242284015 0.1368669694513874 0.11536252456298456 0.12767113015774104
0.5 0.1; 118.79759009359213 14.788709532243033 43.77688110778231 16.740841074427976; 0.1219358519198165 0.1368747348773679 0.11537419025658875 0.12764854133817644
0.5 0.1; 118.72276967350832 13.085962795564953 46.0992614143957 15.155735135960574; 0.12193291326820427 0.13695361109743148 0.11582642758502709 0.12969123752318035
0.5 0.1; 118.67163615037424 13.085920405566496 50.48158363015978 15.148691766702541; 0.12191011028881714 0.13695361842749193 0.11582642592151683 0.12965680092476095
0.5 0.1; 118.1131181311876 12.080931985418715 57.303539561903534 15.178471329308124; 0.12375371130781185 0.13720049615579147 0.1166269257575825 0.12783953688117194
0.5 0.1; 118.07307007342227 10.584182036845709 58.21300471171151 14.883002436174174; 0.123598983943734 0.13729212296745832 0.11963415218455836 0.12806953398960927
0.5 0.1; 118.0581150205199 8.811629186067986 62.839593524862416 13.040623761670481; 0.12359572012351135 0.13729452151490223 0.11963419011986237 0.12808635386128847
0.5 0.1; 116.02429807666421 8.794613692025173 62.90907657909974 12.025239118463976; 0.12340790893410701 0.1388853993296438 0.12729635839939246 0.12782688555106078
0.5 0.1; 114.9851809315406 5.866511432180499 62.903270489491085 11.840903355768917; 0.12342670349487471 0.13987838537048197 0.12807497565719497 0.13165842131563674
0.5 0.1; 114.98007363823385 5.587215821104301 62.903278841671394 7.997699009936864; 0.12342865391515043 0.13987960436659921 0.12807905737543993 0.13166044275283814
0.5 0.1; 112.96005209856382 5.579661388217046 63.00917532104837 4.518866481454778; 0.12346818456736072 0.13990312556857312 0.12807970772330593 0.13184493342646744
0.5 0.1; 113.05334164900546 -0.0633147943901673 63.01016994793631 3.9406876541774825; 0.12426835088950465 0.14012328245954048 0.12797655773396935 0.13174263158522323
0.5 0.1; 113.0561000427845 -0.6155439058901867 63.08034659283416 -2.478823175369832; 0.12434845884063021 0.14010134215126147 0.1292717560296677 0.13173333696998804
0.5 0.1; 113.11499371398862 -0.7241224281640521 66.15388961240119 -4.308555843705102; 0.12439563005756463 0.14024043752227294 0.12992529236675812 0.12962254185649957
0.5 0.1; 114.35270940927781 -0.7219096469091203 66.19950195500347 -9.993633869587342; 0.1386568138818214 0.14053838847274058 0.131192386398689 0.13117314699327828
0.5 0.1; 114.07020372720324 -0.6026873141758043 72.46794927672813 -10.058307577823895; 0.13861707622047825 0.14047640638021783 0.13656975911554176 0.1312399215144438
0.5 0.1; 114.05626133753937 -0.6080611545029802 77.88515800934267 -10.63801188020894; 0.1386172133225086 0.14042022725106668 0.13741552669485976 0.13110564582005685
0.5 0.1; 113.94763475079114 -1.7328585517796968 80.97550712012321 -11.161650964738596; 0.13554938396306837 0.14033328328884148 0.14507497654649082 0.13059406561831588
0.5 0.1; 113.9312934051616 -2.0544447060601523 81.34204068765614 -13.01852250985252; 0.13560632182253268 0.1403210643590552 0.14506899256619482 0.13045632784267164
0.5 0.1; 114.5514825034491 -1.9628038025269154 81.7029833971111 -13.912845603294612; 0.135730077467516 0.14222404525206347 0.1489328377256337 0.13222475078096171
0.5 0.1; 114.54873061663899 -4.543647459069625 81.71587456811702 -19.817816093109037; 0.13575339146413293 0.14222387838555425 0.14893051451980033 0.13224115825899094
0.5 0.1; 108.68592060192975 -4.138629402243856 81.73137879138619 -20.323062423900517; 0.13572724771129188 0.14222386497715975 0.14906704494860615 0.13183965490196708
0.5 0.1; 105.23487650394043 -2.870083209690354 82.1365771060829 -20.335153106209663; 0.1404935665232124 0.13910532274169365 0.1494227707636603 0.13144535199819882
0.5 0.1; 104.50815104065931 -0.07156276626392988 83.66395860708603 -21.63295529443813; 0.1412559607834698 0.13863074941068462 0.1485449835552437 0.13173948841919175
0.5 0.1; 104.4851779409532 0.15768294152391324 84.17246932515799 -25.335043524110066; 0.141309969960562 0.13853391558122066 0.14846102293270794 0.13411870703305295
0.5 0.1; 104.17305180116134 2.8777612000963035 84.21177456987026 -27.638810107266128; 0.14133667149638265 0.13853476883562074 0.14846061325053558 0.13411891434713893
0.5 0.1; 103.66241258076921 4.817848111166844 83.91274729308218 -28.109092680777763; 0.14133629475842574 0.13963415507380295 0.14839506529092802 0.13417892462499023
0.5 0.1; 103.54469717639616 5.083196179008697 83.91662397783622 -32.766177825452225; 0.14148118160996795 0.13955539065582254 0.15033814609814736 0.13459126042981018
0.5 0.1; 103.06301153946286 6.313931694746279 85.1173911591349 -33.47863710012265; 0.14141531302060456 0.13012779804144975 0.15257028157424143 0.13495737722381468
0.5 0.1; 102.8896820071894 6.815575904802585 84.86244050966718 -37.11482959716743; 0.14142294707355513 0.1300758962371483 0.14283730717041254 0.13106152286551526
0.5 0.1; 102.45976177813623 10.268605102363104 84.60444426965067 -37.17513136696994; 0.14129439641406025 0.13474193464481982 0.14425913739872173 0.13126940356351102
0.5 0.1; 102.2734886355932 10.48359998432243 86.21263683623076 -38.44237364028914; 0.140815051408146 0.12729481695637768 0.14115496579302497 0.13678688354206697
0.5 0.1; 97.74211078825914 10.617556687142104 87.72401803403122 -39.32098328595898; 0.14047296753888816 0.13588932213092447 0.1409747127044712 0.13694309546561445
0.5 0.1; 97.59079036671989 11.436083712851215 89.39705071226916 -39.33386915095159; 0.1403985727144964 0.13590001991417933 0.14097422759535636 0.13694312209039805
0.5 0.1; 95.28240330858519 14.81181205087489 90.96413331439093 -40.841210871865506; 0.1404856501681954 0.14150400979563363 0.14094817079434702 0.13694971898603783
0.5 0.1; 92.75349574199072 15.002835703571034 90.2208078249147 -40.99876449488646; 0.14046776723691615 0.14152941967903032 0.1410938579288885 0.13635569052792482
0.5 0.1; 90.51216929825142 15.076040609849116 90.57148100219193 -41.98732886828263; 0.14052648097567405 0.14149472197377833 0.14108920811252168 0.13635127808973135
0.5 0.1; 90.51250030320033 15.500297180713552 90.51755618042881 -49.084899165009446; 0.1405300803481931 0.14156344417172775 0.14154195176061599 0.1429066810087552
0.5 0.1; 90.18859110508245 16.756496288158647 90.51355614276399 -54.51274967553523; 0.1402004754439074 0.1406899477735107 0.13815116225516264 0.1421948138535924
0.5 0.1; 90.19095617933692 20.738290571113314 90.82834197823534 -59.01756240497068; 0.1426128649424144 0.14136147609018307 0.13977408045700696 0.14219081784032012
0.5 0.1; 87.93800230610645 20.2706959321454 88.77401969024918 -59.869307477054015; 0.14527848268014273 0.1374718870465587 0.14289152803586344 0.1406917538290871
0.5 0.1; 86.13947381340621 19.98213084499341 88.76968461925429 -60.623065832457854; 0.14422018708018988 0.14006733339730315 0.13820347245554038 0.14071250301923932
0.5 0.1; 85.7943331802509 20.03724796011041 88.96255755085699 -62.93580676375815; 0.14421978351256481 0.1400712214366855 0.1381990131357894 0.1407062976320811
0.5 0.1; 85.19265349644594 21.3312369159785 88.83328160994219 -63.1237024166104; 0.13234599309719122 0.14277431437958307 0.1328763185642385 0.1421524580966262
0.5 0.1; 85.18091149278432 22.802629744079567 92.1277276148994 -65.46938571702856; 0.13189010633057857 0.14279976137686473 0.13280444421759036 0.1423701273265231
0.5 0.1; 85.18090492907015 28.095360541041288 92.2551358902778 -65.85783224077079; 0.1318018098567096 0.14291950302690143 0.13279685198952423 0.14505588935307304
0.5 0.1; 85.12580971180941 30.642634362986513 92.8878226493412 -67.3276177776954; 0.13240191344179045 0.14402007987565613 0.13234048039516316 0.14494245605926007
0.5 0.1; 83.85567063979269 30.70269628867462 94.38858878321815 -70.23612411383836; 0.13239089324800943 0.14411071805604259 0.13219475795236657 0.14499815767854946
0.5 0.1; 78.20991178586006 30.75669168287078 95.14467054993548 -70.23684311557292; 0.13091848329109138 0.14437497923068665 0.13251034572255113 0.14499669925911854
0.5 0.1; 78.19117985544781 32.57858489454091 93.89363780386053 -70.12150583433178; 0.1310029239274859 0.14436817271777275 0.13097014456765083 0.14500010416829048
0.5 0.1; 77.7882993147561 36.081591928753646 93.4219899511328 -70.12525215756897; 0.1309613277050104 0.14443714695473905 0.13151905336776634 0.14539750134105112
0.5 0.1; 77.67504357407539 40.2771474433825 94.34232626692236 -70.05749444757507; 0.1333982727873969 0.14848814536925228 0.13767090465049267 0.15388141282862083
0.5 0.1; 75.56199033402442 40.96423158773313 94.29978083112304 -69.9362111301777; 0.13329141342995493 0.14803178700814365 0.14010613127864 0.15389044274626018
0.5 0.1; 75.17271415122372 41.23523897286064 94.67234510752957 -70.10679404902875; 0.13346056202773512 0.147027666986306 0.14299600511658483 0.15411985189641686
0.5 0.1; 74.42809411267748 43.36450064502436 94.18613497361423 -66.17084073816895; 0.13837346903440825 0.1456191293786205 0.14503014648519263 0.15041396350739702
0.5 0.1; 74.39784425854599 45.55299258076401 96.19170711492701 -65.91470877682973; 0.13846948102943515 0.14732709430987478 0.1501451112681788 0.1504046060017445
0.5 0.1; 73.64970338553572 45.554663148595516 97.15484608490178 -67.93439753375138; 0.13842772562116223 0.14732863959571343 0.15018577640745978 0.15067964718308774
0.5 0.1; 73.39482589820268 48.665589919138746 96.85250906998178 -71.92404220133446; 0.1510702299595862 0.14747118383236527 0.16039496979854576 0.15084161571324003
0.5 0.1; 73.3806963988777 50.538053973587196 97.22653224413727 -75.95749097947503; 0.1514795670475166 0.1550194374313566 0.15551022720440236 0.14563310952863376
0.5 0.1; 70.53638754403981 50.587609783705005 97.19922172954277 -81.4831244195948; 0.15146344049272423 0.15435147295211357 0.15112163971743037 0.145755235868364
0.5 0.1; 70.79674972592993 50.63246009505264 101.66676873869862 -83.09818777250499; 0.1514660122759371 0.15433387811201515 0.14851504545299213 0.14583988507641799
0.5 0.1; 69.72412581256978 51.52105820531932 101.68317470632299 -85.24334622037391; 0.15143278663578508 0.1547182502224297 0.14852306730189757 0.1446167291910342
0.5 0.1; 69.6946213135907 56.58683589211172 101.77121349187922 -88.92479560855723; 0.1525125828788538 0.1548133773073963 0.14829626613384325 0.1441305259685043
0.5 0.1; 69.69428148206771 58.82033325988478 102.55971862263301 -89.77734919554203; 0.15757665566768767 0.15478618752891188 0.14826056861347123 0.14871826071938468
0.5 0.1; 69.56956065084162 61.07616893223415 103.0074245006883 -89.54906112672205; 0.1574053901924092 0.15471169698250706 0.14826577337236035 0.1501893497513709
0.5 0.1; 69.56887623864152 62.42130344130819 104.12963168980575 -90.60348171956122; 0.15664853915615243 0.15461108442638075 0.14971800000252167 0.1577366675175313
0.5 0.1; 70.17447343442277 63.07468463186644 104.02517483760498 -94.52414528474209; 0.15624090487372785 0.1518310106876578 0.15380185282383244 0.15875031657963232
0.5 0.1; 70.08991875170949 63.44482645889621 103.35091560140144 -97.43238750421811; 0.15626112091134745 0.15324886030155646 0.153789537893796 0.15887166363700633
0.5 0.1; 70.11103233297398 65.99577135669459 103.24469379345271 -102.72540537215767; 0.15497070535120766 0.15665953920459347 0.1501776483685867 0.15881921019261103
0.5 0.1; 66.1820734270927 65.99713265001391 103.07611490520709 -102.90907564928656; 0.15367079027366506 0.15084480929952473 0.14709946616713288 0.16172422780411175
0.5 0.1; 65.96033943490951 67.02194175042538 105.20401119749737 -103.26289278983435; 0.1540897174485479 0.15096548750514988 0.1465471561170184 0.15958753942394882
0.5 0.1; 65.95927751027169 67.02550440326338 105.26399519583919 -106.4072908306314; 0.15408053608876324 0.15078583039299684 0.14677541998069085 0.15956680095039638
0.5 0.1; 63.36786703368346 69.62293634562243 104.41806924655761 -106.68100791463034; 0.15488631753186244 0.15226029714060493 0.14782389494207004 0.14852095826782655
0.5 0.1; 63.12892461466276 69.60672889650859 102.0786185615651 -112.85303884773971; 0.1544136983123713 0.15262678073430141 0.1477914897850742 0.14901151258136766
0.5 0.1; 59.14489229948753 69.01050173194899 101.86400559774063 -116.19373069850593; 0.1542586102437822 0.15115663388167264 0.152700508572474 0.14870383991388084
0.5 0.1; 59.13589733463162 67.65185456516286 102.28537115100698 -116.20195709068223; 0.15171323251788058 0.1531434815367886 0.15640571854320137 0.1484272224090058
0.5 0.1; 56.39765935105811 66.1162217335641 100.30414971783253 -116.89079011073075; 0.15178574103050246 0.15511628416988607 0.15640621417151082 0.1483129639017741
0.5 0.1; 52.81988506941874 65.56872267715188 99.97382803314642 -117.13938159162166; 0.14169006426417555 0.15469685336473937 0.15656869946878038 0.14821890817960895
0.5 0.1; 52.27589761782401 63.902420762222526 98.59654247087867 -119.4187713343188; 0.1214931878723568 0.14024427296344594 0.133790860657315 0.151627744194643
0.5 0.1; 52.27104725142804 62.49490709910636 97.73538963105302 -119.26579381433736; 0.12317625359527723 0.1397365853649452 0.13535161481219699 0.1495644874060994
0.5 0.1; 52.26495740711241 55.40782563753689 97.74145642574533 -119.80613682477953; 0.12263241453285617 0.14035803877138653 0.13572384928251244 0.15640004523671547
0.5 0.1; 45.38590431862238 55.53568056566569 97.75136330039453 -119.83797202414173; 0.12259433496662746 0.12049434025734043 0.12989666111629133 0.15653762020900314
0.5 0.1; 40.51129914842587 55.50698958918706 97.77426896877019 -119.80676566264952; 0.14232598172764793 0.12024747558308581 0.13367613895517785 0.15704342573810876
0.5 0.1; 34.40297445407464 55.50656103543853 100.32689988124108 -119.80740305219079; 0.14235136060027007 0.12152872706862672 0.13504834555061698 0.1600382083560373
0.5 0.1; 28.19968896316215 53.88898411197411 100.32136896336313 -119.76258699743917; 0.14235325832813084 0.12148428551471914 0.13563611738722522 0.15895608938798064
0.5 0.1; 26.574178811228848 53.70195438750042 100.32633886929943 -119.67638406509911; 0.14236928324938988 0.12036413712129979 0.13563293152092462 0.16177561256485645
0.5 0.1; 26.602986322393413 53.69973163467429 99.98694371512252 -112.17329034802411; 0.14556288483144786 0.11943887215934379 0.1355372091240958 0.16182518916049876
0.5 0.1; 29.11110000849564 52.00277543871134 99.71181170707217 -112.33615450986397; 0.1584707800707182 0.12154423853265203 0.13494581853963813 0.15493948168950883
0.5 0.1; 29.144954907922095 51.882286319080535 99.1828970738614 -109.60173832826582; 0.16217683999877025 0.15760989334093292 0.134158748017028 0.15193246063482804
0.5 0.1; 28.706589736484325 48.81635241041839 99.15986898651556 -109.57055177559656; 0.16223317628074077 0.14998305388131603 0.13454229395393932 0.1536034206718596
0.5 0.1; 28.694714622276578 48.4997757603483 98.80225821449446 -105.38798918673282; 0.16242179197130902 0.15005881005409524 0.13479412760404763 0.15358865623050977
0.5 0.1; 28.599886646250095 48.09628483227801 98.81202852776622 -97.83783004098463; 0.16161627822514973 0.1498753919994413 0.13407679700168984 0.1519465338497641
0.5 0.1; 25.57765619330173 47.188688676374994 98.86013794026978 -96.81216503348067; 0.16139354427741603 0.14992131761379096 0.1355627053143892 0.15289355407516037
0.5 0.1; 25.51367874054346 44.81976264588077 101.34706879574888 -96.564752512199; 0.15399851772758325 0.14991968995226684 0.13549875276002238 0.15471488484886795
0.5 0.1; 25.615726993733883 45.35638263615757 101.3583252506004 -88.6252461516136; 0.15419026516991077 0.14996944167557794 0.13465094870908403 0.15113211577017852
0.5 0.1; 25.971420194647333 43.626271135793495 100.45880432370572 -87.75667665365424; 0.15371027260308326 0.15045114480045138 0.13471696964061725 0.15113101200183018
0.5 0.1; 28.377120870388055 43.11635923876586 100.2452363363026 -85.90397174468154; 0.15373180889751617 0.1370093284042267 0.133415131628643 0.14627601933035966
0.5 0.1; 28.351773579340637 42.8001473908786 99.30573772044046 -84.65752101061305; 0.15353487113231398 0.1369885918055113 0.1329419730911089 0.15136550373650606
0.5 0.1; 28.46288649387709 42.185539558657275 98.63625208425753 -77.53934566192044; 0.15851053736912557 0.13698611290210772 0.13014428631460168 0.15136130642722687
0.5 0.1; 28.48104156791779 38.520141012666485 98.52349144770523 -76.76417550143567; 0.15854416980241076 0.13687661894753964 0.13020183981960237 0.1501140669084449
0.5 0.1; 31.946015474460154 38.41498130187945 98.6042391545243 -78.13089954537556; 0.15854487358615454 0.1345642453728591 0.13002612272524777 0.14760013655998955
0.5 0.1; 34.73670810558911 36.626008950129545 98.3407590584056 -81.79332603923483; 0.15890508535656436 0.1346614409843458 0.13007539754707775 0.14757435789098092
0.5 0.1; 35.01989372145542 36.6248794197067 94.86398669064106 -79.15453799424532; 0.16094710393081169 0.1512149693146019 0.1355333564707678 0.1534871801746488
0.5 0.1; 35.14897064977409 29.69833637974532 94.70280185738693 -79.03667274003685; 0.16101473304997588 0.15115010328299044 0.1355592585763395 0.15351582445264864
0.5 0.1; 35.149376156808046 21.616908282155624 94.70267674150314 -79.03667158115921; 0.16100774799590092 0.15230992933686507 0.1355568321753971 0.15351389091757559
0.5 0.1; 35.220994322146076 21.62819028260052 88.77205072814235 -77.45718347923432; 0.16099787922704284 0.15218761005689546 0.14359087660627964 0.15337017260550828
0.5 0.1; 35.212172955183505 21.950454260078253 84.134639036365 -77.26489668752397; 0.16107317020373518 0.14774356827050356 0.1435961269197134 0.15301783309948097
0.5 0.1; 35.29525872681732 21.079793978563732 79.08394587199209 -76.99866928830257; 0.15854726619729775 0.1458578884916958 0.14154666496289162 0.15305761882194419
0.5 0.1; 35.23707100335769 19.54904582592249 79.08398570350579 -76.18091032297167; 0.15845894860854545 0.14607544248296297 0.14114134861281422 0.15509806546812643
0.5 0.1; 39.600259440380476 18.880184104471642 76.8436139237595 -76.00004601684289; 0.15783696370813274 0.13730305778195406 0.12652939472521044 0.15240552629468987
0.5 0.1; 39.87380299387121 19.217056317868668 71.42233918870316 -76.40390107789429; 0.15667647670707696 0.1371943095002744 0.12405025117036761 0.15337026070046997
0.5 0.1; 41.82336278599629 19.331400669010883 70.20906257245313 -76.31475335662367; 0.15681329920063858 0.13233706406781434 0.12280923944476685 0.14193517679400822
0.5 0.1; 47.29221264004389 19.331828499386646 70.20735476341581 -76.35743473240736; 0.15707751083312302 0.13227033872359395 0.1222470237725309 0.14194289862160905
0.5 0.1; 47.74912433057632 24.381379124698118 69.49359685552909 -76.57095629574856; 0.1569145033262629 0.12394367570479199 0.13337461464576658 0.13635448513884446
0.5 0.1; 47.13562260803563 24.382872097849734 62.82909999826629 -76.22620657619733; 0.1607531846696679 0.12510861801448134 0.13337527672774036 0.13634738971017102
0.5 0.1; 47.49995647905298 24.383916933457378 62.810310328605716 -73.79666783667291; 0.15846958958796153 0.12365033922131596 0.1279929027598246 0.1357962777028238
0.5 0.1; 47.46833666936308 23.777596927443675 62.65784653047769 -73.32838479715275; 0.15837123000875547 0.1236408412863601 0.12721654884603711 0.13579721948324008
0.5 0.1; 47.434324276620394 22.327886592068573 61.630539521827764 -72.30439477764985; 0.16021895457456398 0.134800839704408 0.12728026812395707 0.13357684770197178
0.5 0.1; 47.70324724767921 22.362718360360095 55.93162281676719 -70.87830770666818; 0.1682458325066028 0.1348068122205428 0.12712543083274827 0.13345027626941555
0.5 0.1; 47.2963338641744 22.389698814181273 55.5805397987802 -70.36336164840634; 0.16571236732530262 0.14143705118123973 0.12808913743262987 0.1471687399689177
0.5 0.1; 47.32073466745717 24.906766360517466 54.1569326064291 -68.27255849301586; 0.16522340580006928 0.14421803985763054 0.14489497188564326 0.14716623949019897
0.5 0.1; 47.34279161839797 26.287525805694784 51.08706762286085 -68.7036300569879; 0.16485507324488424 0.15298009044585545 0.14487448095199987 0.14775883250318764
0.5 0.1; 47.3765285799423 26.411133065340362 50.39916323787841 -68.18831375276564; 0.1655356551600586 0.15314980731621455 0.14283160566323475 0.14786073959667378
0.5 0.1; 47.68207350462506 26.122902805307113 47.980156935414314 -68.16079470499052; 0.16651477582546975 0.15315034928824797 0.14166331906568824 0.14777365616366855
0.5 0.1; 47.68760068488666 25.9600414811939 47.95610575439593 -67.85031904317816; 0.16652693516520042 0.15311285381311335 0.14094341397288776 0.14768751830347895
0.5 0.1; 51.59390045003078 25.96193435924205 45.93003442535179 -67.84928481567454; 0.16593748822252424 0.15371021473725507 0.14369905635159397 0.14782341083570874
0.5 0.1; 51.57041838254559 25.555472403469768 45.85013248987581 -64.82907070579839; 0.16593001434175114 0.1538218026264229 0.143563048607139 0.14845631794382785
0.5 0.1; 51.80053035257995 25.607407844191357 39.25297807817704 -65.67881263051247; 0.1659203664609611 0.15641973824702152 0.1433913903798451 0.1485440883558541
0.5 0.1; 54.647978703113274 24.70336592179122 37.396454634253026 -64.71646366880798; 0.16592019836383076 0.1561326124541808 0.14348253330887695 0.1472534468303137
0.5 0.1; 54.96648467657155 26.62756711676569 36.97778137444069 -61.82986525604943; 0.1686518501474344 0.1561324154322427 0.13904203280101649 0.14729969362901243
0.5 0.1; 54.92785774430867 26.509278485888476 33.05677915536302 -61.81807940687486; 0.1686072798213618 0.15578042774606715 0.1392262995952529 0.14682906632196258
0.5 0.1; 54.9229865859947 26.54364967896418 25.660104260936865 -61.03067707831801; 0.16712776486371705 0.15343781924435412 0.1455690544155859 0.14668216159006264
0.5 0.1; 52.52407991553779 26.55056424588944 25.621853489271658 -59.05153793648658; 0.15949619240115792 0.1532195608797203 0.14888070928552 0.14559325101685305
0.5 0.1; 52.681277992594595 26.622751881083605 22.173008127325673 -55.760898695483526; 0.15599997313419173 0.15103365925830753 0.14577917321157904 0.148179960538432
0.5 0.1; 49.04659256306724 27.069675207721094 18.464120173254738 -55.29823921974692; 0.1562800248005131 0.15041008052525218 0.14699797844311147 0.14832204966057383
0.5 0.1; 49.035986557428195 27.079873471306094 17.53067957443631 -54.62345194775755; 0.15628084731201985 0.15050444310336036 0.14695132955521512 0.14889365149308773
0.5 0.1; 49.34569355974071 30.6772602540847 15.11423998999634 -54.59723744934847; 0.154872008593519 0.1528423530871214 0.14650660955804218 0.14845349011747444
0.5 0.1; 49.34953534670555 37.8138176915023 14.603226888570966 -54.53870273793609; 0.15430207851702113 0.15304668704274307 0.15125793379534477 0.14922122748148944
0.5 0.1; 50.218470863774726 37.75775094368111 14.428630103890042 -53.70924560580546; 0.1542034821727953 0.15302048051409087 0.15102603176403243 0.1491481864368062
0.5 0.1; 50.2065913525612 37.755617686904664 11.845844183002379 -53.573064781441396; 0.1550858765074237 0.15313161738751913 0.15091773749916212 0.1446473446062883
0.5 0.1; 49.96003217006978 36.853589557111064 11.307312208427007 -53.54142644918136; 0.15343058796525297 0.1556658972872632 0.15051268937324455 0.1445337362801299
0.5 0.1; 49.69598834076924 37.27578625414833 10.798105800043341 -53.335061616824795; 0.15665284236070132 0.15700681011652862 0.1515196503044775 0.1445233697079265
0.5 0.1; 49.94765312672348 37.4603120231854 10.81483300142068 -47.96916897902504; 0.15078296974612454 0.15335301265238915 0.15250197057454107 0.15687318735214226
0.5 0.1; 49.95323933646661 38.359846870170685 10.814630132260747 -45.58680227310195; 0.15074554421675945 0.15335751613358364 0.15251276406681968 0.1568620506204572
0.5 0.1; 51.276070724578545 38.78716046821772 4.606210695060807 -45.402199600300705; 0.15158083122717186 0.15756157617786398 0.15245023200629138 0.15677931231087433
0.5 0.1; 48.93530270273537 39.38962606506495 3.7846902427464872 -44.54214521020798; 0.15153798887241746 0.1576163248789281 0.14969285367239493 0.1572625028097503
0.5 0.1; 50.71600091008719 39.413314780354455 -1.8823025638815096 -43.77022890128148; 0.14652387517566878 0.15821835525296457 0.15047093318865162 0.16053788271852992
0.5 0.1; 50.410501065030786 39.41429152983399 -1.9305152246439592 -35.80727660956875; 0.1432962749756397 0.1582168914936017 0.15023604045713057 0.16057882912247654
0.5 0.1; 46.36913390478682 39.41428215671705 -4.435888101115359 -35.758792119503255; 0.14322222456908626 0.15821540621759203 0.15052776126897086 0.16243876627323356
0.5 0.1; 46.16487627353103 38.57235742681395 -4.54175693101794 -35.2740970197566; 0.13226902399126578 0.1581768934813743 0.1540965890029824 0.1725816793299637
0.5 0.1; 46.171223976375714 37.91693319138265 -4.626565112797886 -35.16398516985623; 0.13225624357064344 0.16018082717406146 0.15473883491355245 0.17217509984436097
0.5 0.1; 46.170902064544435 38.36451003983711 -5.7253279104226795 -31.80195128903373; 0.13213165553028844 0.15601365163929373 0.15600409772684404 0.1721764575207108
0.5 0.1; 46.20073582061116 38.93861617718109 -5.767192950329168 -27.554573724261875; 0.12975974686192454 0.1568888343705808 0.15619657859466027 0.1721234514966156
0.5 0.1; 46.425135620083346 38.92519753437114 -5.735475228776351 -22.87888814781219; 0.12985337066378722 0.15690431332413438 0.1556726841816335 0.1720554434577716
0.5 0.1; 47.068161542026196 36.31750393109329 -5.917741065734775 -20.493335777333446; 0.1308823168700067 0.15931812216062863 0.14368394466227224 0.14999604800334052
0.5 0.1; 46.938472827547905 36.22485375723001 -6.288571104208979 -18.089287869922874; 0.13125111800275924 0.15899141634066422 0.14349069813553883 0.14910254727249148
0.5 0.1; 46.88094385209416 36.13007770527736 -9.36483955648285 -18.034770699592652; 0.13114151632693624 0.15942435744241734 0.14019227905884446 0.14910519391673127
0.5 0.1; 46.88843295150738 36.02679769393513 -9.833323505492054 -16.569202269208905; 0.13256939230270104 0.16194988462813048 0.15345117333648953 0.14962604963010562
0.5 0.1; 46.896730983967345 31.700949566307376 -11.843667679886206 -13.97092056863157; 0.13170817312653393 0.1614134313887109 0.153484423687595 0.14962838589961955
0.5 0.1; 46.974923399854816 31.700693198615593 -16.52117627115306 -13.978905163055707; 0.13166686899887892 0.16140536429417224 0.15351184522141811 0.14962743670033063
0.5 0.1; 47.018005435833594 26.795821478503107 -16.586043531581 -11.318607638716212; 0.13142348412671462 0.15640920180725956 0.15444717900874697 0.1501319079363123
0.5 0.1; 53.01968333555641 26.782840025494252 -16.935359814420448 -11.710759565858266; 0.1311214450546311 0.15662665898033803 0.161541943880382 0.15019967414386257
0.5 0.1; 53.0963012464672 26.50186659507797 -17.632383249577828 -11.61501561141314; 0.13879297037684538 0.15747638594507707 0.1616286411062705 0.15121144879688606
0.5 0.1; 53.75815409640301 24.70293569226169 -18.92756419106671 -12.045841338996016; 0.1377745473542869 0.15829140514194398 0.16171981074234404 0.15122878761181274
0.5 0.1; 53.829173757572576 23.953155034762666 -19.065132556103624 -16.146111816882474; 0.13777620303967836 0.15876890029645765 0.16062693421608695 0.15411872609193603
0.5 0.1; 55.22279849938785 23.100809348888482 -22.697088617410778 -16.11688149109217; 0.13745931477866805 0.16138197603395793 0.160874905126127 0.1539528310953043
0.5 0.1; 54.96704731299349 20.925726868599195 -23.050976293783826 -13.85036005172801; 0.13745928930742354 0.1615783994792345 0.15934762895348928 0.15394586705867894
0.5 0.1; 57.602461675692474 17.76305986427861 -23.059269661199103 -13.619915324589305; 0.137448728911017 0.16157832615493117 0.15934531427475335 0.15395310585524197
0.5 0.1; 57.63207217258075 12.092671327363133 -21.865648575564887 -12.645109604238419; 0.1380812226646539 0.1674433682246768 0.1597444574173602 0.1517678383949005
0.5 0.1; 57.44302649322403 12.091906147769603 -21.86725085857787 -8.197984158918517; 0.13815039285393693 0.1670840016758153 0.15962843763196286 0.15174138564924794
0.5 0.1; 58.722032350203705 12.032253401779949 -23.201900965649596 -9.027121466525708; 0.15662496731758693 0.16651496604636876 0.14744764223635803 0.14667933283793405
0.5 0.1; 61.25254405899979 12.023340131848919 -28.13124320457222 -7.8807245743793795; 0.1558951567936439 0.16144102153166498 0.14709507383613832 0.14659659998961197
0.5 0.1; 62.55330509604577 11.368056276469465 -28.492725231393795 -5.278980626596614; 0.15590687198104786 0.16134268625199125 0.14711081214259294 0.14146846562319257
0.5 0.1; 63.828693084688496 11.126097867736416 -28.781983808253162 -4.824404218568241; 0.15798998606232845 0.16146263320187226 0.14709526556253757 0.1436423682204876
0.5 0.1; 63.7751503137944 11.099456934934311 -31.649037676898217 0.507292711089229; 0.1577159392836091 0.16146201430900803 0.14709433779181247 0.14208537075633343
0.5 0.1; 64.34229776680728 10.58187559764774 -31.6500669880645 8.574424800691322; 0.15771170170571255 0.16116077432193393 0.1471266666400038 0.14235497887043727
0.5 0.1; 64.66054593240148 10.577406291864058 -33.63466952476308 9.338125555972455; 0.15776789327511836 0.1611771730615669 0.1471290201182704 0.14162620885760638
0.5 0.1; 64.6786454989126 9.80032072844317 -33.70800694955195 9.47091877061971; 0.15766859461923324 0.16118304667033695 0.14736070605299095 0.13811730677960551
0.5 0.1; 66.5718830750257 9.762812279001135 -33.78546051666973 11.005488441416334; 0.15768312126194467 0.1605907629777721 0.147360089745074 0.13775386413650043
0.5 0.1; 69.44126743748932 9.10561777014581 -34.533839716808764 12.000954492095293; 0.15808042607091008 0.16065389815540398 0.14743631736982 0.13774514592981998
0.5 0.1; 69.4385413138743 9.096146543577579 -43.37568391573096 12.04151532309334; 0.15808045044942795 0.1611977874950348 0.14743626437899823 0.13774444558270355
0.5 0.1; 68.31592792895583 7.602667643240209 -43.75295220179647 14.130979211070835; 0.15808225021193703 0.16111170781782436 0.158917919532254 0.12967222308059143
0.5 0.1; 68.00424010903417 7.566176610703655 -43.322818510951635 19.524460367985657; 0.15829926936631447 0.15867750670272762 0.15851051911437838 0.12997729617874826
0.5 0.1; 68.81480527761269 10.724539875027642 -43.34720351275342 24.28875641917159; 0.158190443498705 0.15665256941240116 0.15838704877237114 0.12949045530421313
0.5 0.1; 69.01704272512386 9.212541239665772 -43.92196967574987 29.621942008995862; 0.158206492758855 0.15670388458162593 0.15812060584823692 0.12964824386422552
0.5 0.1; 68.29203897585967 7.743392395636987 -43.76112924547192 30.11675333738138; 0.15915094609348535 0.15852241542092277 0.15734896088230493 0.126711459751527
0.5 0.1; 68.43984513110337 5.280217478134281 -44.16297281666069 31.072585526891014; 0.15914884943210916 0.15850378976919263 0.15734934911531256 0.12670217077937615
0.5 0.1; 68.44431153833986 5.015545804462618 -44.31686194008082 38.58069579912573; 0.15917205755222574 0.15850400396772668 0.15841056458924266 0.1266560393691789
0.5 0.1; 73.52570197587242 3.8867891928220057 -44.554800708408024 40.12915006838085; 0.1562626245212362 0.15897400353287203 0.1584548760481462 0.12650199171688387
0.5 0.1; 78.34085129965867 0.09042840984470608 -44.73531923617102 40.16612215937363; 0.1588848634172597 0.15793527457340456 0.15491021208997618 0.12650133209192155
0.5 0.1; 78.35517129814843 0.15248343662251335 -41.39298692890168 45.03331856870301; 0.15965623767780773 0.15630106469113575 0.1545862997286406 0.12859824335792444
0.5 0.1; 78.35542026541273 0.14027574219351321 -41.39470114148563 50.773463035064644; 0.15966033320993905 0.15628935765551513 0.15462901659782707 0.12859831576151023
0.5 0.1; 78.33453886941093 -7.263718941294192 -41.37325317949123 50.929446342652646; 0.15910554679346595 0.1590607572364386 0.15495396984244958 0.1285978299829261
0.5 0.1; 78.40904865611816 -12.242911024841568 -41.37202668511692 53.128775033694765; 0.15910357065859318 0.1590557657109959 0.1550560201773462 0.12158480001222029
0.5 0.1; 78.4136694116547 -16.103894732392682 -41.36105470178147 57.64854612055343; 0.15910982422596023 0.1590562340821681 0.15500493611763724 0.12154161022213765
0.5 0.1; 80.59563326797098 -16.14531539610319 -40.36920204039817 61.58087934600855; 0.15912819384690446 0.1570906987493105 0.1550415868236492 0.12223183709564943
0.5 0.1; 81.4969624205781 -16.209780220568163 -37.85049118022289 61.81799817346419; 0.1591310423883153 0.1570755531681417 0.15504261805134317 0.1222266839707335
0.5 0.1; 81.49942047674271 -18.059040601346293 -37.49709152771769 65.63904325056878; 0.15708442948199525 0.1570755527495768 0.15504654888074768 0.12223173177473853
0.5 0.1; 81.5061897592646 -24.84337689749177 -37.488630124852484 65.56317731173665; 0.15714138462469507 0.15707985039187974 0.15506877692493518 0.12143976115857061
0.5 0.1; 81.69532959876938 -29.852518291339937 -36.898936169063795 65.56362294905371; 0.1570908641612211 0.15709312144926685 0.15505798856454334 0.12134991697691692
0.5 0.1; 81.77225743295521 -29.927527779078076 -36.68396447641865 72.40638137672133; 0.15734709014170184 0.1567455113866642 0.15508023696014192 0.12134597687304291
0.5 0.1; 87.37347122942492 -30.406573441317995 -36.60643552820152 71.97092641611528; 0.15831156605741975 0.14249518077282422 0.15349357358516436 0.12512628258260688
0.5 0.1; 87.7331375912698 -30.75999825214706 -35.77361654728597 72.81351940960012; 0.15839777486958115 0.1462810468917394 0.15396840099398879 0.1251197250376519
0.5 0.1; 91.38551696914264 -31.08549135360487 -31.849336238430663 72.82016247009497; 0.15822235911617608 0.1466484876662299 0.1539747119252467 0.12512602841774056
0.5 0.1; 92.24966175960132 -30.62249251158231 -28.95724929071605 76.31819650729209; 0.1582218143829742 0.14694169829695247 0.15306705444557964 0.1251069980378226
0.5 0.1; 93.86425843103957 -30.64224586170475 -28.63953252388871 76.64746806886937; 0.1576649094545601 0.1469678252396319 0.16464353417935976 0.12510442059575122
0.5 0.1; 94.69465848690186 -30.886076257979184 -28.32457883107793 76.64391024607728; 0.1577049369316063 0.14624862814988102 0.16461301947213056 0.1250780743317283
0.5 0.1; 94.76611517059018 -30.863966889188127 -20.723403746944033 76.69134731264107; 0.15843744602430385 0.14546594967169524 0.16666073359996378 0.12584854982111152
0.5 0.1; 98.00975146993817 -31.302889402833166 -20.697971782760792 76.75026320283716; 0.15959198083228737 0.14546146100775403 0.16669139055189797 0.12408365981011218
0.5 0.1; 103.47888879245318 -31.30587213098338 -20.59182762238337 76.75008605181968; 0.1596255871714563 0.13911035653191509 0.1662052371053801 0.12406169574240042
0.5 0.1; 103.6555204191621 -31.449491272434965 -17.794361114254894 74.22194013614626; 0.159440680572246 0.1483096705576463 0.1663158816494433 0.12789762190763138
0.5 0.1; 103.67172242438741 -32.12391847466118 -17.81986201981801 74.3326484960046; 0.1592920899161631 0.14830772717322074 0.16631571055022518 0.12803800095703605
0.5 0.1; 103.67399237813537 -37.67476637821186 -17.49910316700558 74.33302621082896; 0.15930197297785958 0.14830772904415504 0.1662897140693338 0.12765274298918827
0.5 0.1; 103.70388062243633 -39.954076168110326 -17.503190486976862 74.11802768181131; 0.16067781800579925 0.1482928510900128 0.1686299254075349 0.12717742500646664
0.5 0.1; 103.76589799700332 -46.597459312305745 -17.27476448307949 75.82699898803631; 0.1663919496099979 0.14812622556077912 0.16865254027672547 0.12635542538140207
0.5 0.1; 103.76588734157149 -46.88233639864621 -13.880150782870365 75.82656282184638; 0.16648204810241204 0.14876139636383368 0.16866214033918145 0.1263514609853617
0.5 0.1; 103.71608480337346 -46.90541884989275 -6.564329921229641 76.22055606263301; 0.16656285725694367 0.14874705503199856 0.16840259369002705 0.12627081401404144
0.5 0.1; 104.57450119840642 -47.14987121808798 -2.7068787333684368 77.90270222099093; 0.16641662739348098 0.14974582098978334 0.16800038767621442 0.1259706965366846
0.5 0.1; 104.56285401210549 -47.37318245662098 2.3081330062549865 78.117987525902; 0.16642759495835419 0.15005855438161117 0.1659473846257363 0.1260025516635936
0.5 0.1; 104.4248836207817 -48.28709275011031 7.28709816060929 79.01204077239912; 0.1652329988153912 0.15079814361868432 0.1747365025323577 0.1259363523014753
0.5 0.1; 104.2673291537228 -53.55829547114633 7.320691753198794 80.71633029639635; 0.1652199189730471 0.1508113967704202 0.1747531822736037 0.1259354000358356
0.5 0.1; 102.8979011165096 -53.661545564803255 10.893451251521078 79.59062016160917; 0.17197943882091393 0.15490525931083607 0.17972998801791892 0.1266847376872999
0.5 0.1; 102.72691479883781 -53.833863638208214 11.90333995293074 80.43874741106455; 0.1730343710428113 0.15492072104226082 0.17974440756842028 0.1266300441546844
0.5 0.1; 102.72694711717428 -57.65947784660357 11.904504549166372 80.43887472776986; 0.17350099305119385 0.15492359579265183 0.18058348281764688 0.12662998381739726
0.5 0.1; 102.72677228467057 -61.58802096580509 12.63589742411525 83.15177453930096; 0.1734972935514 0.15492382218263245 0.1806126717800702 0.12662478930765492
0.5 0.1; 99.03981418378311 -61.68876301842472 13.952777710894464 83.22233055056527; 0.17361720099227804 0.15445734241471915 0.181539792743254 0.12661996084658325
0.5 0.1; 98.99558724439542 -64.21859133861318 14.30400921597236 85.59954646785455; 0.17272119401029207 0.1579349508668972 0.18175168223250643 0.12685482517962393
0.5 0.1; 99.0224358724418 -65.30380593572536 19.16327160976481 86.1132484693135; 0.16660785406128842 0.15660507321164588 0.18852007348512684 0.12663515614859247
0.5 0.1; 99.47785289689728 -66.246794219644 25.46083706325443 86.32311765711096; 0.16647058023712635 0.15583928359500893 0.18989310147394936 0.12642383097217416
0.5 0.1; 99.58495108632084 -69.29853514159021 25.46515675898327 88.971730320336; 0.16660943811739085 0.15619284574252013 0.18994649030162394 0.12636962024317716
0.5 0.1; 99.5927073943293 -69.29976047428339 25.467759793067277 89.54074879995743; 0.16661019607409913 0.1561919120540711 0.1900418787517155 0.12619991881345033
0.5 0.1; 99.64558688590235 -69.50233059986076 25.483351461289544 93.91292555187825; 0.16660290417237625 0.15616538335762026 0.19086497051030463 0.1262083478421396
0.5 0.1; 98.48633346782682 -68.82797147354844 26.533883909108976 97.09845227489856; 0.16660677171708588 0.15618505099775934 0.19146962178051435 0.12513449720263517
0.5 0.1; 98.91080251477759 -68.96446922187485 30.36157712518131 97.1037985328269; 0.16676954837722513 0.162747949720422 0.19202949752829188 0.12518305435603963
0.5 0.1; 101.57478349022531 -69.09919460896019 30.488194221858414 97.21333944428685; 0.16196933335366737 0.16281805331355317 0.19202028636036664 0.1252505121997312
0.5 0.1; 101.61346040067883 -69.10466840199835 32.94946227324868 97.71680071278713; 0.16198225183375958 0.16281110163241225 0.1920240923859179 0.12498043697457283
0.5 0.1; 101.21752109829117 -69.8173185161021 35.35655510925867 102.78888322692606; 0.16193924562861306 0.16350490380570362 0.19299418039741897 0.12479658062337472
0.5 0.1; 98.40219615755309 -69.81746941959625 35.40468014849167 103.62631527089383; 0.16194025161806921 0.16351683583534757 0.1933028178385024 0.12474203393734312
0.5 0.1; 99.68506485184015 -70.14156961167144 40.41714784327766 105.50727843149498; 0.16176508402307355 0.16534123271089385 0.19444622030539357 0.12229514594666337
0.5 0.1; 99.53389373876831 -69.24806641252049 40.73133769384292 112.19005761477149; 0.15876917555577683 0.16533454876090012 0.19448709769518943 0.10630459809152622
0.5 0.1; 99.53180927998838 -69.35269991765783 45.57313735696378 113.36948088571131; 0.1588855922341741 0.16464082820574985 0.19448706681385533 0.10630229553367085
0.5 0.1; 99.50171703477945 -70.07177211655593 50.6967536829309 112.88257405375941; 0.15889587625267304 0.16464115932041531 0.19448925570701173 0.10612565927359108
0.5 0.1; 99.50521613780207 -71.29518013951004 52.056101625320096 114.20507353954513; 0.15889432686175237 0.1646413127877001 0.1945161718887337 0.1050665657363338
0.55 0.5; 14.47121116315726 -114.20507353954513 -52.056101625320096 71.29518013951004; 0.1050665657363338 0.1945161718887337 0.1646413127877001 0.15889432686175237
0.55 0.5; 14.662744291378567 -112.38096750683714 -52.0643199193534 73.09810699050857; 0.10485089107456676 0.18870225413122807 0.1639548042311604 0.15890364850648125
0.55 0.5; 14.442150576676541 -112.12316440642327 -48.868400850213916 72.99010185679003; 0.11543561705072405 0.14222983624723873 0.16728894320449755 0.18228830832964005
0.55 0.5; 14.43992907017379 -110.41043582854586 -48.02457764601834 74.86721914619854; 0.130019428562299 0.14335817970143291 0.16718377802951837 0.18229416559693848
0.55 0.5; 14.401040157073814 -110.38736491211353 -48.00043807430671 72.10668882418001; 0.1337898148489273 0.1431029995039444 0.16637975329950225 0.182309216285105
0.55 0.5; 15.566538509360386 -108.56610769235009 -47.34151654593142 71.11187191421243; 0.130411925059156 0.14236167019782311 0.1701093025802637 0.17762858289977565
0.55 0.5; 16.14615949112122 -108.70155637059952 -46.461299430251934 69.68368948471552; 0.13041833513079995 0.1420799092386644 0.16976982046910047 0.1776493787242641
0.55 0.5; 16.14468408504153 -108.41233813602328 -45.3723863035674 69.00776332859446; 0.13066957147781652 0.14219820139256767 0.17040325990318067 0.1776353853626237
0.55 0.5; 14.392132356979584 -103.32285535767902 -44.04727276976277 68.98952328063434; 0.13066931436027898 0.14217368377912207 0.17040325717835073 0.17709765258329394
0.55 0.5; 14.307121527425114 -101.28256666894502 -43.70419716765185 69.52017416005104; 0.1308041536667417 0.14238417046286808 0.15934183119180406 0.17483743838273064
0.55 0.5; 14.22102057022457 -101.12574176030432 -41.48254518237082 69.52003759962003; 0.1308041535995518 0.14238372869689392 0.15935958734137343 0.1748369990637291
0.55 0.5; 13.03886797782065 -99.24401504910232 -41.48237899214261 69.41825022497113; 0.1308122124204017 0.1422778392411757 0.15937561190366126 0.17483679440890112
0.55 0.5; 13.201917996935645 -95.3114950090245 -39.06761096433589 69.66102806469796; 0.1312307363861441 0.14305033983546595 0.1593769812453959 0.17244055123780644
0.55 0.5; 12.179392221840782 -94.7518205871115 -37.721356879157995 69.73795583266889; 0.13130890403946033 0.1432338841012519 0.1593780390900015 0.17186753423694193
0.55 0.5; 15.126503227522191 -90.37451179970449 -37.617151474209315 69.80756849937836; 0.1179924959412604 0.14399063897923875 0.15480491088845502 0.1709034821273268
0.55 0.5; 14.782331918157617 -89.99975780073007 -30.22583779458134 69.37240731210613; 0.11836194575027931 0.14428303979704651 0.1547671042892562 0.1695922358453407
0.55 0.5; 14.773202749255084 -89.25403842477253 -29.504388971673773 62.293663624047525; 0.1208388198356634 0.14294719834672936 0.15064815674903131 0.1696194040105559
0.55 0.5; 14.545229754366758 -88.73570359877439 -26.513957215985897 61.478888740227156; 0.12907677500869807 0.14327371567424735 0.1507240404760973 0.169574214413583
0.55 0.5; 13.031715957997513 -88.7953714222882 -26.109162575310027 58.94385558520939; 0.1307422786270865 0.1436780071720759 0.15037051375068955 0.16958743738870985
0.55 0.5; 12.092464997044233 -87.93060624469283 -26.02319139687519 56.34576336283296; 0.13540956642448135 0.1367792220482236 0.1309152899964019 0.150553297633997
0.55 0.5; 11.850283849917059 -87.31061745756435 -22.475653488837654 56.34553343295738; 0.1355391281863599 0.13741972957513607 0.13083597662393665 0.15053917161161895
0.55 0.5; 12.179302274801445 -86.94685074163188 -22.03846680830985 55.07901083129984; 0.14591342372052218 0.1360404341209904 0.1310358948923601 0.15021079900578754
0.55 0.5; 12.079701598308924 -82.4349418017647 -22.03618615706125 54.942797974887526; 0.1459210970131091 0.1360437498668097 0.13103499508528396 0.14980882147910818
0.55 0.5; 12.088295271967564 -78.64278434306532 -22.015056145017972 49.87856843507768; 0.1459290878374642 0.1370124579458609 0.13103820349243153 0.1492204466889197
0.55 0.5; 11.7512789206172 -76.6896760014712 -22.369064053420185 44.927704657726835; 0.1458048821083729 0.13701165903566628 0.13102906929793567 0.1492307509564422
0.55 0.5; 12.473200258151294 -76.52551782874434 -20.541270395229088 38.66060277557493; 0.14854404528752257 0.13674231369842677 0.13168031624431484 0.14892489592868363
0.55 0.5; 12.344611173406625 -69.58676391323603 -20.56638265129886 38.63891712096459; 0.14873891323525515 0.13385809761198245 0.13097249278881987 0.1489260632334766
0.55 0.5; 11.410401579385349 -65.40693979837543 -20.95593345909843 38.515086166487414; 0.14314145907130826 0.13381665886609342 0.13086764442786486 0.14946413381583099
0.55 0.5; 11.506063182141947 -63.614013412582 -15.062098945942946 38.43412221120702; 0.14186582256890232 0.13520519361377564 0.1308772569543157 0.14401087394141313
0.55 0.5; 11.501150998588438 -63.59587810909007 -7.4188664712541526 38.421607829211595; 0.14159456963942518 0.13520596951850497 0.13077046437496584 0.14401044008087455
0.55 0.5; 12.003010957932268 -63.274674134016095 -5.220319481374325 38.013079504284896; 0.1415241765317712 0.13806994646147291 0.13055831707037632 0.1495055094506797
0.55 0.5; 11.812852931844924 -63.27146388003566 -4.780831250488998 37.94549555931098; 0.14153069142254532 0.13807012688671735 0.1311351379329543 0.14950523583916486
0.55 0.5; 11.635947668315497 -62.933531760942515 -4.050770951035257 37.32992537468692; 0.14153068575020597 0.13817973397336483 0.13139354229000388 0.14948837102423668
0.55 0.5; 7.566608535197442 -62.22642512262385 -4.01714821417784 37.29196253841775; 0.1371658277825834 0.1379772256274791 0.13149998677176372 0.14948532620297064
0.55 0.5; 4.683852879888523 -59.47127612185231 -3.966967523940431 37.373573999518975; 0.13712764050984186 0.13410527801734887 0.13145024301495456 0.14947687887752387
0.55 0.5; 4.148000735809826 -56.22465366527069 -3.9580723800998387 38.24255497057948; 0.13754874257956945 0.1344004940107524 0.13255920473580707 0.15039355039175722
0.55 0.5; 2.3651305561560005 -53.39547847494085 -3.969148004963622 38.330752659984206; 0.1375323898517742 0.1343629466491535 0.1330088344321006 0.15509516732346493
0.55 0.5; 1.9062708728744215 -53.3888416272143 -3.9554234247111983 41.109907561658126; 0.13755783865149956 0.1344165148198703 0.1332557861312228 0.15511490022960991
0.55 0.5; -2.3072086764477606 -53.38884146217862 -3.9528667758009925 41.129418906349564; 0.13757964312495544 0.1373084926490578 0.1333869367258166 0.15511634151190345
0.55 0.5; -3.22468371566032 -53.091416904846284 -3.7905722164991515 42.41490156250483; 0.13777583367878526 0.1353635263737241 0.1420726112001121 0.15500612507671133
0.55 0.5; -4.308593997456115 -53.06203242831166 -2.091703910171637 42.41998593440272; 0.13776777982510557 0.1354107971852494 0.14207340803862206 0.154936322377455
0.55 0.5; -4.331769474654793 -49.77475087388474 -2.103857162285493 42.82207119466766; 0.13776745181386016 0.1368456278373308 0.14309523682193892 0.15185047227267384
0.55 0.5; -6.225448106070899 -48.32454384513807 -1.9112297106002218 44.905690159596425; 0.13787634129953438 0.1405212279303424 0.1417861471933532 0.15245897478012296
0.55 0.5; -8.279749216033217 -47.884049894807106 -1.1846862251051904 43.55694356020895; 0.13167060884042425 0.14070220713059195 0.1433690990060041 0.1519782272232422
0.55 0.5; -8.28028880487449 -47.881868870118396 3.790985550760263 43.55627782512988; 0.131404826531373 0.14070727647065662 0.14341424511321682 0.151975708309919
0.55 0.5; -8.404194727250779 -47.697774864278465 4.406716261518358 47.00978981164199; 0.13151131959371554 0.1406846533719459 0.14365383461072273 0.15200455109835737
0.55 0.5; -11.579615616058732 -48.706696988253334 7.202929157198853 47.01322976043871; 0.1323401418174746 0.14059690997224084 0.14665275358694216 0.15200769983226395
0.55 0.5; -11.667646036811451 -53.511885161126116 7.90611153070179 47.021244270527255; 0.13622668335791585 0.14217135047235846 0.14697189330670365 0.15199917944686922
0.55 0.5; -11.662489848122418 -53.438989318491615 8.002974208886023 53.00996682538465; 0.13840490586427 0.14508475297031537 0.14733292261827824 0.1520100349101121
0.55 0.5; -13.127993945728367 -53.43589019023769 13.27712765305757 54.134154144409166; 0.13851446953865867 0.14507059035577205 0.147336380257498 0.1502833775757579
0.55 0.5; -13.060094725686621 -51.46107522648618 13.266397714040421 56.13979433294914; 0.1376012036893859 0.14445986352916182 0.14763806258322318 0.15451412686393862
0.55 0.5; -13.155774341554428 -51.51487077656593 13.316181145809654 63.843586185664115; 0.1396860876456089 0.1443836869630105 0.1508332138122273 0.15451564594764242
0.55 0.5; -14.01335975864956 -50.71682482713135 13.296819979239942 66.56375673966504; 0.13950316286751693 0.1493689582833835 0.12203253094160924 0.1677394740365778
0.55 0.5; -13.823881828219449 -48.25693507319753 16.32784736600509 66.73111126717073; 0.13950320952924883 0.1493153572023766 0.12280914860965764 0.16758549931092637
0.55 0.5; -14.071215968723127 -47.449311828454036 16.560188175146624 69.0857434486488; 0.13872364210156726 0.1501978133455555 0.12280479355850893 0.16755536457209444
0.55 0.5; -15.658320591408028 -47.92728625179251 19.087268492334058 69.09257993226727; 0.13952778364040394 0.15235924658552696 0.12263025354637427 0.15682634330100165
0.55 0.5; -17.727146772090823 -47.58167564939492 21.005167910373995 69.2482433422996; 0.1333954925739371 0.1531966377778504 0.1234089519950248 0.1391306800723173
0.55 0.5; -15.48634557653429 -47.096353634191544 21.323020175731195 71.8809957190718; 0.13473674255247167 0.14543658436062987 0.12340871878883487 0.13891818461710317
0.55 0.5; -16.915410573768334 -46.4429727327325 22.31436364916341 76.83244176344316; 0.13111286297862348 0.14968764758376107 0.12317030953521511 0.1271824755736615
0.55 0.5; -16.91596377385003 -37.38206877176574 22.31360096142636 76.83301493854934; 0.13111281827544505 0.14968730517042209 0.12317033618440475 0.12721189107027223
0.55 0.5; -16.91519928356934 -36.78922416911827 22.311821114786586 85.28905649420443; 0.13112741341892176 0.14977596863459416 0.1231851363676424 0.12753845326550647
0.55 0.5; -16.361929112507156 -31.365594198325667 22.461531752267287 86.23935979358565; 0.1422770253410425 0.14788354606589688 0.1239072806266086 0.12838962785489885
0.55 0.5; -10.263128170292852 -31.26410547414387 23.820868702703248 86.25098597319999; 0.14121454029980643 0.14707598321343 0.12390736070643443 0.12839132661903582
0.55 0.5; -10.207296570870199 -31.169633429634537 23.80920531210809 87.47551147755966; 0.14176244970148832 0.1470852565820946 0.12387906258961574 0.12841799236834708
0.55 0.5; -9.67910212702117 -27.347212281980166 23.810102151056288 90.23233938846322; 0.1437145695639984 0.14783282579876836 0.12349092492325289 0.12841604604062476
0.55 0.5; -9.608188297141462 -19.20268497421334 24.450705318993194 90.23226152886232; 0.14373050808397062 0.14783257327614077 0.12349208088293027 0.12869396921325152
0.55 0.5; -9.22851053789739 -18.550849367673052 25.052963113929152 89.16785687589012; 0.14372566942467938 0.14785918181086463 0.12572026439952022 0.14053827578998904
0.55 0.5; -1.9859765521861696 -18.267497454654425 24.7119554183874 89.16534843896686; 0.14370540093528544 0.14806589982817484 0.1291360556417224 0.14026214670533785
0.55 0.5; -1.9887637700664065 -18.255948336859507 27.936922625339957 85.81030800310275; 0.14587944356842766 0.14804809366712304 0.12939538987555863 0.14047837199175128
0.55 0.5; -0.1323706078917823 -17.826905823632256 27.9537048467001 79.92557152252837; 0.14511926873836045 0.14792534990925196 0.1287688142115823 0.14237336040282625
0.55 0.5; 5.521736995244929 -17.82016488294625 30.103934151170844 79.9254973077573; 0.14497813816824173 0.14791424015335702 0.1361673037073819 0.14227939006818455
0.55 0.5; 6.099958076808985 -17.448675148033153 30.04866294131036 74.64520574596453; 0.14515970842138243 0.142825135742397 0.1366650926276126 0.14244667920337004
0.55 0.5; 7.684644717821114 -17.112974673547242 31.97760866253453 74.67330553282484; 0.14521336449428343 0.14177951831297933 0.1371445790244345 0.14234535486206415
0.55 0.5; 7.684653206959031 -17.106984935703956 39.421629115293904 74.58478172058824; 0.14525263476799474 0.14188096266535533 0.13712855525119075 0.14235896436212112
0.55 0.5; 12.045461974862253 -17.226662190769673 42.791104012144906 74.0956636824302; 0.14248806118790092 0.130135980727915 0.1371824307231617 0.14152738418633587
0.55 0.5; 15.36263648322572 -17.22043992921198 42.795904871620166 74.09472868398026; 0.1424867731183326 0.13380097452057915 0.1371823102145565 0.14150352997295196
0.55 0.5; 24.0836285571273 -17.12293957551577 42.561677518825455 74.08887832470157; 0.1424788104677975 0.13379144438437415 0.13575169491586245 0.1416372599180679
0.55 0.5; 23.46994449571522 -18.23093635737399 46.90943111196107 73.53320823880085; 0.1415464450935566 0.1339327055139961 0.13431021478881158 0.14229714905951196
0.55 0.5; 23.507612766450055 -12.739494320643962 49.51740930047726 73.52537428138193; 0.1402275745361968 0.13407408656355568 0.13441109666927922 0.1423400823118474
0.55 0.5; 24.968557688238874 -10.492833149541173 49.9249688873859 73.35880052687823; 0.1421384260436542 0.13411264404312292 0.1343278156175908 0.1412667380930411
0.55 0.5; 24.996226090794515 -4.294445493980554 50.195727845952845 75.10785796493083; 0.14227804978230235 0.1404634471985308 0.13450512707206064 0.14122180506906576
0.55 0.5; 31.276670531873346 -4.248289053025845 50.748241192211395 74.89784886479465; 0.14191777334344635 0.14500438129541587 0.13596996589139898 0.14132548588970784
0.55 0.5; 31.900718783569687 -3.92477677557774 54.0789353994839 77.08506453948209; 0.13799845452023263 0.13400500987295177 0.16089751513557377 0.13868639233276708
0.55 0.5; 30.10300583696537 -2.715679251023596 52.905362851680536 76.91895653926461; 0.13989921656716614 0.12706040894986637 0.16107976173986843 0.13730570683704388
0.55 0.5; 29.85108069181522 -1.3124771984498624 52.81208748067765 72.2917973130859; 0.1556170797785412 0.1264105310752441 0.1512940933645424 0.14547540051670085
0.55 0.5; 32.93320251098011 -0.45695874544851234 51.165716879931935 70.82977038001367; 0.15663356070168902 0.1174863238696689 0.1504361886536933 0.13477858824590672
0.55 0.5; 32.999294728181596 -0.23882329150535564 51.15871534925753 69.99614306967509; 0.1567637032163238 0.11725242126478122 0.15019109899654715 0.1338690563688863
0.55 0.5; 32.49949531814919 6.575627823502535 51.1607561470794 69.74285220778276; 0.15675102900439303 0.11400876872337135 0.157644531926183 0.13370666816406493
0.55 0.5; 32.88458742140224 6.879449109117263 51.20948840591692 69.21394901286435; 0.15369747316771432 0.11373279851303632 0.15766536063844036 0.13294059519076165
0.55 0.5; 35.037586040161074 6.983747653138257 51.62651128947018 66.4537588701881; 0.1538059292741593 0.11361618621214632 0.15751638254633749 0.13097914732797736
0.55 0.5; 35.534107549059215 8.434930611749783 51.6988767402238 61.312886821136544; 0.1538677417306158 0.11361496698340212 0.15759933277447355 0.13095689820180026
0.55 0.5; 40.78940983003446 8.582559157881454 51.6969033773988 60.54636431060857; 0.15483843403184147 0.10950348239230757 0.15687233997903827 0.1315320713644317
0.55 0.5; 41.21508653399734 12.091138889617003 49.58839503183446 60.13972911455956; 0.15477250031326087 0.1073665264083057 0.16016679105355952 0.12622453888720558
0.55 0.5; 41.23243977087351 17.045746923006668 50.32984877392878 57.859255388246694; 0.15479614424784297 0.10726312013041235 0.16014687510458514 0.12620163476728494
0.55 0.5; 41.80107767485628 17.88141587774811 50.2250561525549 51.72504430282909; 0.15479299448267225 0.10726309293211807 0.15981255281559262 0.12620251087034337
0.55 0.5; 41.802712785768485 17.980191318611983 50.24625432765675 45.52060248221708; 0.15479451787705173 0.10548366834459552 0.15968782766741718 0.12622820872684803
0.55 0.5; 41.9994144238163 22.764178371267715 50.249816222999286 45.40847426994625; 0.15481973555556872 0.10519543681524836 0.1597013057091836 0.12639916113134833
0.55 0.5; 41.84675745475652 22.905163560108587 50.2541077814541 39.04627380998095; 0.1547568211151495 0.10480245668286177 0.1593903280221037 0.12511575431266656
0.55 0.5; 41.76792506431088 23.731449198824368 51.165128915098094 38.936859953011854; 0.15483929620964085 0.1046572116609815 0.15939603570243568 0.12521006730298107
0.55 0.5; 41.767262735377635 23.862987175755897 51.28142885841682 35.21423009749462; 0.1554018262024354 0.10465494884603153 0.1593983441542923 0.1252046615439382
0.55 0.5; 41.084840452675515 27.071384477282937 50.1994896963039 35.191302888901326; 0.1539250349312524 0.10379418272172897 0.16008275434883182 0.1252377837861154
0.55 0.5; 41.490393510971444 27.67626574909986 50.05247171875799 28.543801980281124; 0.15373840611749012 0.10261307327260465 0.16008341521121985 0.12523773923712347
0.55 0.5; 41.95881373206212 27.687337749809263 50.522464212874766 28.543384486684253; 0.1537248332227093 0.10254905060477251 0.16005233549007644 0.12520884214226624
0.55 0.5; 43.476087528230096 28.638555202919147 50.80941312820927 26.177087964236815; 0.15372414345302582 0.10254772108060813 0.16014356123249285 0.1236039009579055
0.55 0.5; 45.717039686921595 29.56918922674377 47.659300143663 26.26593525901809; 0.1536123680027913 0.10176528469634688 0.16015222894304132 0.11175267008673928
0.5 0.9; -30.788535683653514 -26.26593525901809 -47.659300143663 -29.56918922674377; 0.11175267008673928 0.16015222894304132 0.10176528469634688 0.1536123680027913
0.5 0.9; -30.857604731451985 -26.262667375153786 -44.36351059922996 -28.705725146309852; 0.11253094112677042 0.16009470388622385 0.1025080257923144 0.15361208801818255
0.5 0.9; -30.87821212248633 -21.729758396131682 -43.94620670252499 -28.670287061224624; 0.11331364207472995 0.15933872486450482 0.10485797518948668 0.153601497426259
0.5 0.9; -31.35180101580077 -15.360465789190261 -45.29472196059685 -28.89422578586852; 0.11332483056656206 0.16155202051181736 0.10524193818850328 0.15360177334727873
0.5 0.9; -31.651462076537854 -10.631871012483568 -44.111332743663 -29.87148895899882; 0.11336275415331072 0.1613628021100451 0.11505388285778832 0.15373536749386948
0.5 0.9; -31.659759969291652 -3.9173456466328433 -43.42366190319653 -29.799984440037314; 0.11770704361955686 0.162982011859019 0.11506308077466554 0.15243041096000176
0.5 0.9; -31.720283995587593 -2.5430256694946967 -41.15258421736254 -27.987363861909706; 0.12074224224617185 0.1670243716541772 0.11506343721755849 0.14689496474400474
0.5 0.9; -37.116518502381446 -2.50600263030878 -40.257398334461975 -28.28813233814552; 0.12206943175912967 0.1669949348796 0.1164566489268689 0.1468235631332919
0.5 0.9; -37.11724964806831 -2.389235062044436 -40.193997226124864 -32.14710302325907; 0.1244951623791181 0.16791526712778107 0.11647330959452358 0.14609821229240935
0.5 0.9; -37.56292570763018 3.80887966348583 -39.774008558901684 -32.36994487147906; 0.13557354560753362 0.16808376897253557 0.12246081181204196 0.1458358148627757
0.5 0.9; -37.58870500989681 4.18899377805892 -39.42539863213894 -26.89605263248904; 0.13559428128220466 0.1680837529910065 0.12257318610695911 0.1460473744987336
0.5 0.9; -37.60985086979043 9.702528052102705 -38.00655603503182 -26.770304692167674; 0.13602653572388554 0.16649265328755308 0.12278676324028286 0.14604657826060657
0.5 0.9; -37.945656373423304 10.060306771947694 -37.23289131758742 -22.559655906428983; 0.1356332645695796 0.1664901798276659 0.12320462427703364 0.1459717166418472
0.5 0.9; -38.19034615809943 10.611390390446166 -41.04660379402784 -22.559140377408134; 0.13559575258482312 0.1664965764103069 0.12319806453699224 0.1478522839569717
0.5 0.9; -38.35167603836313 10.741480582831828 -45.37035813519812 -22.264697406222695; 0.1308703460791548 0.16651138442133986 0.12518042627231554 0.14778859606459993
0.5 0.9; -39.28945170154175 11.339494802673574 -45.55532515170765 -20.824865050793765; 0.13119349517459442 0.16648734830531295 0.12570722635992476 0.14749054935109446
0.5 0.9; -40.22163006063692 12.147500009799996 -45.555351855460565 -18.835580405013438; 0.13114002126672364 0.16594565028533464 0.12619916176853274 0.14901658346424504
0.5 0.9; -40.589792314658546 13.418348945283688 -49.47205320523049 -18.56444835860914; 0.13425687836394345 0.15669643881452333 0.13344508852694079 0.1391309643414564
0.5 0.9; -36.83093941921158 14.433447820203437 -50.42100319529551 -18.17632473917967; 0.13379059247030986 0.15472179619558765 0.13280299726317626 0.1386995163677436
0.5 0.9; -36.832389287893406 20.372675406689588 -50.426708272986936 -18.424413758684953; 0.13522878713389974 0.15208144362115103 0.1344401659857798 0.13901151018435295
0.5 0.9; -37.90991311118473 20.402446718026304 -51.046426624765054 -14.959808365271684; 0.1296418585630596 0.1513414255930065 0.1355577187669652 0.14320989425458952
0.5 0.9; -38.53684378793205 20.415024305561072 -51.04299467206332 -12.5944758986963; 0.12952264297305963 0.15101599153924578 0.13568307930483112 0.14310631579741415
0.5 0.9; -40.92765335994798 20.42737601426047 -49.8684193067942 -7.005712490470679; 0.12959326322429052 0.15186410161336264 0.13575128235263645 0.14309897717814082
0.5 0.9; -42.74674191413279 20.40452708990402 -50.226477759953355 -5.1342490332802235; 0.130164733087747 0.15149643493181894 0.13954930808460503 0.13690709467742604
0.5 0.9; -42.73277466997256 20.79364435222713 -47.90745789519873 -5.1116756313384455; 0.14370150776402263 0.15149659978649038 0.13996808639200237 0.13622866073413362
0.5 0.9; -42.731941086527094 26.54331495164186 -46.90635654281942 -4.474971374122097; 0.14403598539272638 0.15111883568092438 0.13988201571095887 0.1374412716432383
0.5 0.9; -45.12873112850116 26.557031730405598 -46.832842089578975 -1.3213399590232604; 0.1440365487999059 0.1508057326059721 0.13973383966454497 0.13731799722324267
0.5 0.9; -48.561304811363314 27.299831472507886 -46.76440171400304 2.023484549140029; 0.1440366933576051 0.1505003814371086 0.14997818160711343 0.139990449654099
0.5 0.9; -48.795821266669925 30.74579698238827 -46.42999366865657 2.294409987460287; 0.1440361691434089 0.15050435190451766 0.14986257724870794 0.13998814208313162
0.5 0.9; -48.854494317006214 30.755875396404125 -46.27407885869472 7.839501572691015; 0.14409317012967726 0.1505006444728559 0.149862656059187 0.14005264156647623
0.5 0.9; -48.759056672703835 35.582296309547864 -48.187754716331554 8.0657357548451; 0.14406459605337482 0.1504276769345226 0.15272334118430358 0.1398699215869609
0.5 0.9; -53.89328427904076 35.62080551164596 -49.28337932407851 8.330021596407892; 0.14782968323229434 0.15042807651211074 0.15269880342572054 0.13983620295841323
0.5 0.9; -53.97535909577154 37.30443785979777 -49.34175969533932 13.308740758310332; 0.14782726139887073 0.15043800104305333 0.15257199144459646 0.1400425415458494
0.5 0.9; -58.22302143097315 37.23755103503629 -50.8237971150731 13.314969711385471; 0.14782463972204263 0.15045419636012236 0.15256681906977967 0.14001826027304665
0.5 0.9; -58.572939390178654 34.80948424528597 -52.14005170907503 14.206114559337548; 0.1478145090731253 0.15009596988871937 0.1525666308584609 0.14001643254246
0.5 0.9; -62.26722837586984 34.76861622001011 -52.08703748955925 14.256024472495401; 0.14781109349453822 0.15010892955841945 0.1527154609446215 0.13969368519891545
0.5 0.9; -69.38638040204333 34.006664547718295 -52.63776983605098 14.259615115253284; 0.14724578715226247 0.1522614062305372 0.1527133088161789 0.13935398549066197
0.5 0.9; -69.43334895293633 34.48280004657459 -50.99762958571731 15.879276937287168; 0.14725186733504259 0.15224644154914002 0.1527131796412371 0.1393500234868421
0.5 0.9; -73.93847006432317 34.37206787979578 -50.749253247033245 16.08218269121778; 0.1472515003171946 0.1585050529457599 0.15271397608854792 0.13984493593858024
0.5 0.9; -73.94013468433975 34.33135120058168 -53.27484755867329 21.5143486423633; 0.14725202620918998 0.15847169173366077 0.15247720509274026 0.13943732026957928
0.5 0.9; -78.60304514737591 34.705493198454114 -51.01290899518012 23.126209325970606; 0.14874452237300392 0.15918600929434135 0.15004404434503338 0.13793749167609584
0.5 0.9; -79.39204378435436 36.68479721143103 -51.03960521783005 26.0206315120055; 0.14828897193924856 0.15917764529866868 0.1526120604979823 0.13958023259475463
0.5 0.9; -79.51799679274806 41.19669633173342 -52.5748153417356 27.971193458662242; 0.14929756914493658 0.15926798874379808 0.15289315099696088 0.1412188150626253
0.5 0.9; -82.36571159305653 41.58477179951585 -52.44392759871059 30.89817242395192; 0.15082856477644876 0.15844415846379464 0.1539959996624751 0.1405217589160733
0.5 0.9; -86.27142259737602 42.02667229563869 -51.77137190734944 30.896257862894124; 0.15078235543860105 0.1607542017057396 0.1543324750259708 0.14525059974972324
0.5 0.9; -86.89945298843789 41.37844069328882 -53.66916830088656 33.95020804918871; 0.1506556627466514 0.16067464642395105 0.15430430253884772 0.14525167283755205
0.5 0.9; -86.90351242102386 41.39794592569068 -57.930859850673976 34.56726288667379; 0.15065689202011742 0.1606468999245773 0.15434375280421067 0.14535815285786463
0.5 0.9; -86.92771942057239 41.50005483759096 -58.17334051547502 41.17179044091306; 0.1498267146942238 0.1603849933139001 0.15215274266477907 0.1450898756923527
0.5 0.9; -87.45511325772125 43.02507549094957 -58.1968843336503 45.02869723635097; 0.14425641007681644 0.16041365626488827 0.15219771906691737 0.14508945733452516
0.5 0.9; -87.476470288204 43.57012541250644 -58.21571283193584 52.93212535034023; 0.1437060471198864 0.16019349177779083 0.14672073546747483 0.1450513248235453
0.5 0.9; -86.21642903605185 45.88937336408826 -58.14016836792381 56.456112725118224; 0.13995598572131893 0.15974728604106148 0.1449295597814088 0.1446247651185171
0.5 0.9; -85.90316004584626 44.21083578615497 -58.24479468327848 60.13368247686329; 0.13973573559023203 0.15955706506517878 0.1453072329088715 0.14462410830378858
0.5 0.9; -85.89700758884072 44.854412723517285 -66.01961705141767 60.18263406083577; 0.1399509454175895 0.1596259194456578 0.14520517954261072 0.144128939373443
0.5 0.9; -85.02002578758531 47.58228691794518 -67.2096752903157 60.82513201000126; 0.14003799626214225 0.15912627030315618 0.14518958387814596 0.1440966352405222
0.5 0.9; -90.8392149949373 48.033592936873625 -67.39026745374638 60.83212527801429; 0.1403414115981429 0.15882950734250464 0.1453276956174351 0.15248823805363643
0.5 0.9; -92.05181322766491 48.47812144342043 -72.34273040444538 61.66375406525009; 0.14036552180132106 0.15880357304721837 0.13941792345692763 0.1483275021593428
0.5 0.9; -91.72364046073112 52.501315395474215 -72.35286206083657 63.10811650128053; 0.12891387387933828 0.14901590872571988 0.1432147371762453 0.1420556254310399
0.5 0.9; -92.17675445242745 53.79198866404225 -72.95097874036107 67.8684428777024; 0.12891390187666663 0.14902732147488218 0.14320278405148062 0.1420556277503498
0.5 0.9; -92.0843554283815 54.11395605472729 -73.0468407835128 70.06310201336355; 0.12932686907859023 0.1488544520581566 0.1432668713471761 0.1421910303304427
0.5 0.9; -92.1013606266651 55.763992865955736 -72.89459278128675 70.29673301281716; 0.16518560439982466 0.14699778969817062 0.14704620151207612 0.1412403819042579
0.5 0.9; -92.9750908925558 61.08348402042211 -72.96883885826207 70.44268423028643; 0.16393870142998318 0.14703131366207947 0.1462423325382878 0.14156553740253602
0.5 0.9; -91.88189624928225 61.854198895027146 -72.96694816629602 76.65729664389085; 0.16398051483166343 0.1469965491058494 0.14632118711106268 0.14169402430096648
0.5 0.9; -92.6032196774088 61.692352973364144 -77.41676760594221 76.71788897213868; 0.1561743894596785 0.147028480135193 0.14469672465708514 0.13893937378489193
0.5 0.9; -94.13416449933892 62.29316387049452 -77.82784007989044 83.08037684396943; 0.15309652192716 0.14703791904256575 0.14497564877526786 0.13884248015749404
0.5 0.9; -94.1281611905865 63.234712233802156 -78.31661663052351 83.10639815940485; 0.15404914498077574 0.1486234258713579 0.14565888639584534 0.13880178279148866
0.5 0.9; -92.05234317701232 63.26156243843168 -83.42223866350339 83.10978609077169; 0.15412376423177732 0.14924372950050976 0.14683829873056384 0.1388109150471473
0.5 0.9; -92.00196027763819 62.07101089982262 -84.60794138952295 83.43390463032524; 0.1525896342877343 0.14940178585582733 0.14671463802551007 0.1415650560073082
0.5 0.9; -93.64392309453366 62.12649845376175 -86.29751420881102 84.44017200178438; 0.15275701248100285 0.1492992008868138 0.14642424348544247 0.14155873775305208
0.5 0.9; -93.55121234023512 66.58681400800141 -86.2806945769701 85.37040497825359; 0.17928774775437134 0.14866702088074144 0.14256584615897025 0.1424892990837381
0.5 0.9; -93.55051090567333 73.00422835684823 -86.28074975456906 88.03572441275887; 0.17870941610058044 0.14846144329807973 0.14256582569526102 0.14224193469100188
0.5 0.9; -92.65084508132585 72.95394888800173 -89.9638112884799 87.03838364668394; 0.17843408576974787 0.14845822619133867 0.1430887560001313 0.15450856357037399
0.5 0.9; -92.40487029794701 75.00222640897945 -90.32036739894612 87.85595533309113; 0.17840839928584143 0.1394673418599607 0.15101850628565958 0.15465525281928505
0.5 0.9; -92.35407787008376 75.50747468874246 -90.59456380133552 88.91346513414598; 0.17841888048149257 0.13944674642026544 0.150863614827441 0.15464562072713842
0.5 0.9; -93.12015619737517 77.98714808589126 -92.33964231421399 90.00182376614332; 0.1761407320088288 0.1426292970702263 0.1389627857540141 0.15280300343005232
0.5 0.9; -95.77013683351868 77.98937225939255 -93.24970464970202 89.12326606571418; 0.17347599397939034 0.1521948601033925 0.1389251973105601 0.1528310659080222
0.5 0.9; -96.00418423775591 78.79849319945711 -97.17192821211634 88.4145929975917; 0.17474514426987622 0.15166266715034563 0.13821547278708715 0.15509639264973
0.5 0.9; -96.03378268751278 81.12172341573505 -97.30401007140328 87.09855052151921; 0.16943464738449313 0.15479573780310646 0.1385308313475248 0.1550625927804178
0.5 0.9; -98.92247941750159 82.42914379045517 -97.30250331381856 87.25302534374845; 0.16950820944154785 0.15490984588493292 0.13900799372877587 0.1547170425337525
0.5 0.9; -100.86605497054785 82.53951788089758 -102.26047680140094 87.6502461718496; 0.16956573538230174 0.1554250596508042 0.13933518701043218 0.15535281384953228
0.5 0.9; -100.91806979341023 84.19664644647676 -102.50075099549535 90.34614221937002; 0.16894990941635177 0.15574073405640818 0.13922965540467286 0.1559619976597758
0.5 0.9; -103.87433801870328 84.52581290039484 -106.47253155423537 91.89634437549209; 0.16887341601086725 0.15553696249136076 0.1390980415660337 0.1505546641425575
0.5 0.9; -102.63195999012989 84.51880180846668 -111.90746802395459 93.05052878976544; 0.16526703287164193 0.15807896853499434 0.1390627054372814 0.14544681410303717
0.5 0.9; -102.82839727725116 87.63056550780645 -112.39445063575215 93.07710393458797; 0.16449934064202537 0.15766694502232964 0.13288665122029092 0.14330143784347193
0.5 0.9; -102.61934850175128 88.37731852887661 -113.33637134592884 97.39809040533491; 0.16317114434967894 0.15331852208925245 0.1328954800924276 0.14336957935962086
0.5 0.9; -94.4113867213261 87.84774268060833 -113.27264241863197 97.62006337036293; 0.16130996085064556 0.1524336348435017 0.13164053282395397 0.14191625088613377
0.5 0.9; -93.32202938668833 91.46223980008337 -113.33575306767472 97.76611544525966; 0.16136951446091247 0.15158077128996658 0.13253002394757335 0.1435626059807778
0.5 0.9; -92.86427027303496 91.53629718845595 -113.32965058932025 100.07496757870591; 0.16108453535962658 0.15151646837466726 0.132473249901588 0.14567624090682232
0.5 0.9; -92.29847291673995 91.81579773482389 -113.37194754707994 102.87429261667977; 0.16354625539704082 0.1465485784921282 0.13271140136129583 0.14532938307734827
0.5 0.9; -92.08611031578717 89.28648055874267 -112.97109294741028 104.16257892869413; 0.16314854197399825 0.1425595624944192 0.13681928720622452 0.15983287655827547
0.5 0.9; -96.83097849800279 89.33162660075605 -113.04923492059127 103.46257991611886; 0.14862602091543578 0.13799530947719166 0.13090766917992774 0.15896196054386078
0.5 0.9; -97.19381322798277 90.5208905464727 -114.18944514496337 102.60928309722759; 0.14725685906900846 0.13610355171743904 0.1308527577383784 0.1589156744365966
0.5 0.9; -97.19938137652666 90.97017308997555 -116.44107098903967 101.49435550580736; 0.14774319957543594 0.14702722139749685 0.13793733919456747 0.16103530069502722
0.5 0.9; -99.46219105949675 91.57310781706848 -118.25958126366221 100.15805910631063; 0.1476392998117475 0.14868140878639416 0.13833079798340248 0.16016214568104736
0.5 0.9; -98.66115709063689 95.5102287829171 -118.9299356933801 100.12980482328639; 0.14042512553395348 0.1348136592757652 0.13926819346163216 0.15653830487504222
0.5 0.9; -99.11793804161516 95.42179271587678 -119.17682052868581 92.40347032331309; 0.13974004595156828 0.134815890699074 0.13918802612718975 0.15605336127691435
0.5 0.9; -99.14513354028634 95.76063302663339 -121.09828878915128 88.22464888903583; 0.1402104807015177 0.1344986157591418 0.1439856367037613 0.15603885366100487
0.5 0.9; -99.12491749918955 94.79550023813859 -121.09844540184332 86.18511670899353; 0.14148068164132135 0.14339412011737038 0.1439898331368503 0.1465323922838619
0.5 0.9; -99.40638581577356 94.78891642644084 -126.4150245669537 85.29895704830082; 0.13523498098547532 0.14193966209125622 0.1437290693856468 0.14198514540635826
0.5 0.9; -100.44766291348068 95.12910412007257 -126.72547140354962 82.6698203658849; 0.1352249092256723 0.13583403256525484 0.14380864352721445 0.14138781443838475
0.5 0.9; -101.42443260005467 94.22886950101514 -129.87508239398085 80.88659960871533; 0.1338638698267157 0.13302794312536032 0.14430907978200322 0.12929296369865212
0.5 0.9; -101.6758511412014 94.29152905835427 -133.08267045995083 76.06373596142802; 0.1285454585151631 0.13156942891589313 0.14419130726945892 0.12506663092728815
0.5 0.9; -104.65330890987182 91.90576915266497 -133.08729100991582 75.4110609902023; 0.1279152192462311 0.13126941272365872 0.14417803892868125 0.12218761119583332
0.5 0.9; -106.73494898557028 91.93743508259294 -133.98551338755462 72.58240745764252; 0.1267107881017346 0.12972288337188911 0.14418674578842125 0.12218769413731596
0.5 0.9; -109.1225004845401 91.93716956358203 -137.31602546163228 70.51463104611138; 0.13217175469576278 0.12992950334209588 0.14405090231766968 0.12232196217501824
0.5 0.9; -109.79094266114494 91.55990082797311 -137.90606883235293 70.49681540950841; 0.1323469772697129 0.12954729918120161 0.1440471621362329 0.12228091221797716
0.5 0.9; -109.96604633347776 83.29310853399211 -137.90623632299435 70.48853786173494; 0.13223081923647492 0.12922703630627821 0.14393211621392615 0.11715613565941273
0.5 0.9; -110.72039314514458 83.09053747793527 -137.72574301917433 68.5135012295993; 0.13628181299484934 0.12891397932168397 0.15047928332179267 0.11609277034954112
0.5 0.9; -110.46863326669319 82.00131055315136 -140.73651269103084 67.27987677187824; 0.15486280272554392 0.12492058857628122 0.15886888009074523 0.11528532829305851
0.5 0.9; -112.06159643353129 80.11060906474 -140.76664301083372 66.05175853483607; 0.15478712093875743 0.11478416520644596 0.15873433082556626 0.11471454192859394
0.5 0.9; -111.96063102208723 78.36587747614885 -139.9843945623487 64.6408290978756; 0.15622275588157836 0.12215366227177415 0.15993914886675314 0.11473376406412715
0.5 0.9; -111.83802925787336 77.01494679153167 -140.04910953371504 63.48389770646596; 0.1545883110928354 0.14748363518729085 0.17116092046492176 0.11485870727584813
0.5 0.9; -112.39112929059475 74.59058880718241 -140.15161431026124 60.11097864609485; 0.1546358013250659 0.14764802054588008 0.17146976874076864 0.11454132150462489
0.5 0.9; -112.2055994081264 65.60375961286888 -140.12989884807504 60.01718794364602; 0.1546395096399917 0.14704219756690146 0.17149869850137892 0.1145415809902004
0.5 0.9; -111.92446430603862 59.15963196067334 -139.2655942545044 59.559326147296105; 0.1544961139177581 0.1435278849868154 0.1715038727691257 0.1262632955504338
0.5 0.9; -111.85878105362227 57.50661886683055 -136.87508674559987 58.76476793420708; 0.16049936256271008 0.1525191557504632 0.17169982525498984 0.12671462222814917
0.5 0.9; -111.81920050139594 57.50650171794434 -135.50384786492498 58.76475408613164; 0.16049920379638574 0.15251877066173772 0.17249210860434191 0.1266273615200857
0.5 0.9; -110.21680285174602 56.47454595944198 -134.78150138681062 56.203196808536575; 0.16303701708270762 0.1505191437024302 0.17251204750714402 0.12603214900466114
0.5 0.9; -108.97265710638317 50.86154838613309 -134.8283873180385 55.1127896738349; 0.16265851990147448 0.1503421294281133 0.17253910756148821 0.1260831080054774
0.5 0.9; -108.61234077600969 50.81307630731374 -136.77297932441797 52.66187639459419; 0.15871346019657556 0.15042004976710577 0.17418620708349863 0.1593676649618216
0.5 0.9; -106.68953246386539 50.420927259077146 -136.75555481255398 51.08218091522893; 0.15889959774082849 0.1492793049119886 0.17571035582522906 0.15711685575940934
0.5 0.9; -106.6109171291396 48.977320676921465 -136.71910222270458 47.62897895154335; 0.15889994357260007 0.1492770759095918 0.17590787648160716 0.15770853167153195
0.5 0.9; -106.10369478094634 45.325394902236326 -135.10826761261248 47.40221931107606; 0.15757938319956136 0.14463113655686044 0.14393677627938253 0.15692013666411084
0.5 0.9; -107.72027662591941 45.37674920217193 -133.28125905146848 46.53832117976944; 0.15769462888383654 0.14462057425284813 0.14473134819429131 0.15744551961807024
0.5 0.9; -107.72557484939438 45.30941796570504 -133.19550199089505 43.92795675427936; 0.16105573655982322 0.14455170178263188 0.14428918325439333 0.15744852832932918
0.5 0.9; -109.77556107155537 44.502339566275666 -128.86831418856033 43.92952476052601; 0.13605022897294528 0.14543615486908246 0.14497454636575244 0.16621521696510222
0.5 0.9; -109.76538502175784 41.505182933144305 -128.77855143967554 42.39864245484047; 0.14138725282337783 0.1570312286353806 0.1457408690502829 0.16595599262568617
0.5 0.9; -108.01680739869425 39.86664765339841 -128.64258792141618 41.58732086969835; 0.14133970695434056 0.15702842643880904 0.15974793758779177 0.16592356661678265
0.5 0.9; -108.69262339425649 41.825534162667275 -126.26273970406005 41.22662646921301; 0.14929542706554633 0.15598575084080957 0.1597734805653751 0.15224299370384628
0.5 0.9; -108.59380531302233 41.69939422806538 -119.98227390324615 40.32449781209752; 0.14997720673156162 0.14883931868504316 0.15608058807821346 0.1526604639250225
0.5 0.9; -108.85369142804674 39.67952742354718 -118.70210321259951 40.324591664306574; 0.13797019043813008 0.14877305448175146 0.15316355149077812 0.15438334104309479
0.5 0.9; -111.07460097179674 37.90632897452075 -118.70048257744739 39.04858015490777; 0.1379875721619292 0.14865351996606402 0.15322425816647425 0.1544004759127524
0.5 0.9; -113.92641060710076 37.73518773391482 -118.71773354437022 37.66739090131936; 0.13740991816413545 0.14865286256570343 0.15267109608711807 0.154344452802907
0.5 0.9; -113.92002362206875 36.343513412100734 -117.46401893758426 37.60265570797895; 0.13922271464893585 0.1486819907658433 0.15200727486254248 0.15282590375987523
0.5 0.9; -116.02121364743564 34.282586086180665 -117.46069787753255 36.721436904314174; 0.13921065385630738 0.14869393731429487 0.15093827940318233 0.15513403346431223
0.5 0.9; -116.05365808672413 34.281851301228116 -117.24707445381694 35.559737623134254; 0.13922552688439094 0.14869607524825515 0.1509391717416911 0.15555861549367256
0.5 0.9; -118.07668460683263 34.01015234319257 -116.73244111358495 32.03862549768673; 0.13838015902085868 0.1484632056759464 0.1509315235953315 0.15555914154225173
0.5 0.9; -118.2807195785209 34.00446174151551 -116.10973007468004 31.075213645572173; 0.13837964866929917 0.1493268490602606 0.150809539654896 0.15566866625143144
0.5 0.9; -118.280651603262 27.992040119652128 -115.60971769599372 30.968057716143473; 0.13805723544007648 0.149942229885969 0.151463849870017 0.15562053510854415
0.5 0.9; -118.21895395223983 29.3456630110989 -115.49967965697988 26.289911394947005; 0.13807396273706526 0.14999775838970617 0.15503357297739803 0.15445059533481995
0.5 0.9; -118.15297821786508 28.51131054424766 -110.28060824987885 26.301699596391856; 0.15651317862821446 0.150016302478184 0.15503404778085822 0.15477955264496296
0.5 0.9; -118.1467342294765 28.478888245225132 -105.50871957041498 27.904341279283344; 0.1578975543406159 0.14963146365690946 0.14234943300628897 0.15477431235374173
0.5 0.9; -118.15349860095107 27.835259828168173 -105.46541750089861 30.16783670516159; 0.15787827975547297 0.15042189641238368 0.13298107807069567 0.15479822652682682
0.5 0.9; -119.1985258902934 27.60432215059344 -105.2584586425336 31.537778972990292; 0.1578767134245686 0.14769308749661952 0.13646743487034968 0.1531922642555639
0.5 0.9; -120.44216680741837 27.663040058550088 -103.37497596737704 30.392049879466555; 0.15791979079753965 0.14769178907380293 0.13911703257393387 0.15310883795786587
0.5 0.9; -120.31137516306029 26.981893118945063 -95.60547470759697 30.371964001533662; 0.15900211008339224 0.14502400368101287 0.1383523022168919 0.1510925557481875
0.5 0.9; -120.38731301013271 26.545451145847494 -95.54970956502122 26.44795072153096; 0.1590095387398885 0.14497980043155329 0.13834780918811745 0.15111793884326233
0.5 0.9; -121.24961664028733 24.79082734513822 -95.39425903411926 24.389437174037507; 0.154931949075616 0.14908423145737199 0.13848562463921135 0.15097320789142019
0.5 0.9; -121.22075454917083 24.790020942163796 -88.39447271072157 23.65712383730504; 0.1549331565450562 0.14926076271971483 0.13865241915500895 0.1509544287479593
0.5 0.9; -124.74961705207257 23.269825477642392 -88.03671115996447 21.31282782955169; 0.15490248273259796 0.14222469586230668 0.138492125132094 0.14806197021155118
0.5 0.9; -124.69169879702652 23.074431700689228 -86.42087418977037 20.394936702409986; 0.15486717164541172 0.1422370937033214 0.1385026087430712 0.14809580581265225
0.5 0.9; -125.88382183721524 23.026504022580877 -84.00701734321896 20.437337530033744; 0.14151703487675382 0.13677501567800845 0.1372080189244002 0.14689351535047568
0.5 0.9; -125.75829967581346 18.794143730846578 -83.90999003065754 21.647352225040724; 0.14357961359609653 0.1346099565483526 0.1372672602251721 0.14542839144658234
0.5 0.9; -125.75538654894456 18.843619096292166 -77.85104876031853 23.404284211924544; 0.1437371798516494 0.13465927451708803 0.13714394214137404 0.14545309485374713
0.5 0.9; -125.72868504803267 18.8696810311897 -71.4968843631461 24.61737018661256; 0.14115509744390145 0.13513837430743764 0.13525598930056262 0.143783391309418
0.5 0.9; -125.72173883308531 18.034875492962275 -71.39107041666793 24.198863080954435; 0.1419396156679783 0.13531712587561043 0.1350003721187134 0.14441455887442872
0.5 0.9; -123.0576934908526 16.96814621496019 -70.33168073806138 24.288638569325116; 0.14327675099108475 0.13529118710271681 0.13049233558665504 0.14469113094201777
0.5 0.9; -120.50943018891041 16.339653814535172 -69.8964759036645 29.247327038391255; 0.14198764473112913 0.13426475294338217 0.13270438869487955 0.14508682613439897
0.5 0.9; -120.50946679061859 10.16287469764133 -69.89364459860063 29.24730433833472; 0.14198759585184373 0.13427088774494556 0.1327094776530733 0.145086483533466
0.5 0.9; -120.61191725013899 9.851690566199075 -63.108444679866466 29.19648403643176; 0.14163765603071835 0.1291105874415369 0.1348553727303211 0.14497628720043318
0.5 0.9; -120.89553322660412 8.081390795478564 -61.7784994061137 28.98017124306429; 0.14122004755372042 0.12906123017320908 0.13488377098623508 0.14683799542223208
0.5 0.9; -125.72105804572129 8.04856492440606 -61.77165691761925 28.69447289491992; 0.14103413169629161 0.1292818322834497 0.1327176261215824 0.14652497187387287
0.5 0.9; -126.35916535777571 8.863161738545625 -61.39747370253604 27.086191995034923; 0.14710799049275441 0.12928284729878478 0.1305107715926663 0.14755734795672257
0.5 0.9; -126.78327100790752 8.507850275470693 -61.07585659381385 23.74238346434715; 0.1462838947858605 0.12854103586987162 0.1305386424396368 0.1537974624334411
0.5 0.9; -125.49517919124062 7.787376615540513 -61.06379842286668 22.449952891101542; 0.14693597033098618 0.12758354493984297 0.13089494184880102 0.15378392092084045
0.5 0.9; -125.58826441412953 2.167232511615033 -58.325075376711794 22.364080345325323; 0.14632560934598432 0.12728228880302245 0.13821009994458686 0.15725732200116663
0.5 0.9; -125.82585626884456 2.0884851273402867 -50.544600660024514 22.707252480011256; 0.15082842931773105 0.12703060702238714 0.13804424234185705 0.1665757207281149
0.5 0.9; -125.9471199561648 2.0861834011873492 -47.025822183847254 21.32150914974139; 0.1511122260116512 0.12707021789311246 0.1380573422296952 0.16690519949438595
0.5 0.9; -126.4699175431781 2.041650495272627 -43.786448991086765 21.013881589136606; 0.14997420820381369 0.12674685652994377 0.1430025248168197 0.1675192100308816
0.5 0.9; -126.43312938044222 -5.891693336368534 -43.78373028819399 21.01256558223423; 0.14997380713986933 0.12475064139136056 0.14299620739299695 0.16778350277299484
0.5 0.9; -126.44071090937864 -8.983742168187007 -43.65915268980917 18.40502615653278; 0.14981390078154574 0.12465213130672335 0.142878087957294 0.16737884468553044
0.5 0.9; -126.41967169146045 -9.112969796595978 -40.36619752875259 17.330944860492412; 0.1499461978102197 0.12460855307364001 0.143091370708239 0.16732254032528282
0.5 0.9; -126.2292438524986 -9.132502890889434 -40.29661551817071 16.20923516059754; 0.15003942446169832 0.1264363490529184 0.14138543468495474 0.16671528856022244
0.5 0.9; -125.47883259193536 -9.168225393642794 -40.3015402392476 15.025502774947753; 0.14873196002904282 0.12564413063878102 0.1414366357827965 0.1667785164087111
0.5 0.9; -124.38091915929881 -14.773354300686284 -40.236711858567695 15.01117534887186; 0.14873739595296692 0.12560831894955818 0.14143655810437497 0.1667896420027094
0.5 0.9; -124.01751526718532 -15.83401246961271 -36.39274253512772 12.370853942722038; 0.14849419380533416 0.12372709790254284 0.1374130801912235 0.16679083635897388
0.5 0.9; -122.24088373396671 -15.995305444757681 -36.36010524637957 10.651530972166759; 0.148472231725395 0.1235923825452415 0.13751459919830358 0.16682226154365026
0.5 0.9; -122.55034254380105 -17.67277298417134 -36.322411013805485 6.754587798099113; 0.14952155275151743 0.12272516771917268 0.13706510185728857 0.16578845809960593
0.5 0.9; -122.72587299025798 -17.58041587870086 -32.34605903034269 6.113551901686232; 0.14962065583915465 0.12266925719737731 0.13708188910893382 0.16584997115191275
0.5 0.9; -121.33568292824097 -18.6698676723821 -28.17142099186213 6.073353080579842; 0.1495847730011287 0.12262991355471087 0.13708171584692927 0.16626125202372383
0.5 0.9; -121.29664763264243 -24.61506533617926 -27.008764033769395 5.726144675663316; 0.14967896744295672 0.12264162852828538 0.13691699856607908 0.1659869495803234
0.5 0.9; -121.53541128587973 -26.322461009444954 -22.661537992205265 5.555371120917896; 0.1496532752644052 0.12514977622079493 0.1344698026929383 0.16648706342923733
0.5 0.9; -121.52092422467841 -26.355847368904886 -23.638884733131484 -1.8968629316406913; 0.15066026430179158 0.12507322971172957 0.13447211751204685 0.1659539077902047
0.5 0.9; -121.50862095043246 -26.94226471101239 -23.719840337955823 -5.128540480602564; 0.15066080195826462 0.12356744505797022 0.13447093545500644 0.16589372765587063
0.5 0.9; -117.37721285046067 -27.11369835940867 -24.49609383821124 -5.4061303528413065; 0.15015167903279825 0.12438853648847648 0.13067805187914688 0.16568144277698277
0.5 0.9; -117.05432025315056 -27.12236186598264 -23.67560438930226 -7.3929624080821945; 0.14908340624356528 0.12468290762291213 0.13068248270267335 0.16573139944007326
0.5 0.9; -113.53940961982887 -27.245032237747008 -26.511704357732505 -7.766403414226257; 0.1487803395025697 0.12468313404696212 0.13068129924651253 0.1660949776780989
0.5 0.9; -113.88430880152164 -32.874935012741595 -23.871549631671403 -8.041441134237557; 0.14862447263314257 0.12468796010342661 0.1307394453593518 0.1660750328593814
0.5 0.9; -116.18864571782561 -37.45349255833078 -23.802346728754422 -8.190143274316155; 0.14840017920280862 0.11913175399514148 0.1283665790325202 0.16727412721149712
0.5 0.9; -116.20574901705675 -39.27951413237083 -23.756856722333467 -8.702773671881404; 0.14808960316718248 0.11901531570088916 0.1281141377037548 0.16687440012197183
0.5 0.9; -116.74163202270917 -42.51976711646038 -25.61641145677734 -9.222210976275022; 0.1479742384484729 0.11708622377758963 0.11825311267547378 0.16570714432943348
0.5 0.9; -120.95942709190828 -43.58508249063069 -23.170111355548805 -9.602728398792538; 0.1490280733992632 0.11678331505825013 0.11814189014464382 0.1658213518816906
0.5 0.9; -121.73060092416007 -42.74546915385835 -23.438425974886496 -14.62840389274491; 0.1495469747616308 0.11674515949316217 0.11814077064714756 0.16707542509142848
0.5 0.9; -121.93726232122826 -41.633796754279615 -23.466112637004862 -17.97273199597669; 0.15008062620071688 0.11619051000865506 0.11433751782537557 0.1507848484148373
0.5 0.9; -122.17181828373592 -44.192576627239866 -24.8314880800418 -19.129887195890788; 0.15007975786477606 0.11599403315530137 0.11425986489219069 0.15293482818292362
0.5 0.9; -126.0734547778095 -44.42505681594383 -26.900048126645228 -19.489628772239225; 0.15004014026525667 0.11599265477188385 0.1137023313551078 0.15330836740649484
0.5 0.9; -134.6931225513884 -44.42308465321819 -26.84434101778943 -19.61308386756311; 0.1500348171134119 0.11591153024994964 0.11367423598044578 0.14489589004259856
0.5 0.9; -134.69332078950555 -44.68249511521301 -26.218203731754176 -25.34618746994717; 0.1498987644010752 0.11547100007489675 0.11306179382619092 0.14628047619152618
0.5 0.9; -134.55600735018902 -49.830798348750626 -26.25726410194794 -25.568806761880015; 0.14626198508332783 0.11547223423187188 0.11306299549951118 0.14666562050465665
0.5 0.9; -134.1417908763401 -49.713530922282004 -26.34455676547831 -30.378314631226743; 0.14613296158671685 0.1154687327798403 0.11299974427908971 0.14783901256842613
0.5 0.9; -134.55564515821294 -48.772769381626084 -29.22119668280449 -30.747897271503525; 0.12781273393473433 0.11661509321683386 0.11765606712079203 0.10000027579110755
0.5 0.9; -135.0 -45.0 -29.999999999999993 -29.999999999999993; 0.1 0.1 0.1 0.1
