0.5 0.3; 29.999999999999993 -29.999999999999993 -90.0; 0.2 0.2 0.2
0.5 0.3; 32.13043559936525 -30.83076253476877 -92.13482291004057; 0.2 0.2 0.2
0.5 0.3; 32.45248591429397 -30.97801787880136 -90.63088959340371; 0.2 0.2 0.2
0.5 0.3; 33.03537754461874 -31.535067289942912 -89.7572532273564; 0.2 0.2 0.2
0.5 0.3; 33.056679750417096 -31.569221977897357 -86.6129678071572; 0.2 0.2 0.2
0.5 0.3; 33.59301070422853 -31.569481249912194 -85.92725857944613; 0.2 0.2 0.2
0.5 0.3; 33.696934774729364 -35.066058194009806 -82.52465415158024; 0.2 0.2 0.2
0.5 0.3; 35.08421974810195 -37.77772879990761 -82.21505083162447; 0.2 0.2 0.2
0.5 0.3; 35.98205563431019 -37.78594207023963 -81.48391444360206; 0.2 0.2 0.2
0.5 0.3; 37.29594968858363 -38.211578837699165 -80.58159012870203; 0.2 0.2 0.2
0.5 0.3; 41.569275501659135 -40.13253330719511 -80.57864279926784; 0.2 0.2 0.2
0.5 0.3; 44.99819713915089 -41.41341849787772 -80.0191805254535; 0.2 0.2 0.2
0.5 0.3; 48.87217213786147 -42.24611550514875 -78.28558046224563; 0.2 0.2 0.2
0.5 0.3; 54.26918013902123 -42.631559493181825 -78.22562335568702; 0.2 0.2 0.2
0.5 0.3; 55.20887619459103 -42.68062134080735 -75.13663759105893; 0.2 0.2 0.2
0.5 0.3; 56.28463629630874 -42.68930124176701 -72.54713484332483; 0.2 0.2 0.2
0.5 0.3; 56.276400392310144 -47.415164217843 -72.46711491328128; 0.2 0.2 0.2
0.5 0.3; 56.569409416698385 -49.00912987361224 -68.07033625857339; 0.2 0.2 0.2
0.5 0.3; 55.46673495474015 -52.92833344388178 -66.99585619729496; 0.2 0.2 0.2
0.5 0.3; 55.42490754753331 -53.228871243651135 -62.61483728035495; 0.2 0.2 0.2
0.5 0.3; 55.59187735492799 -54.994512559228504 -58.92928356595568; 0.2 0.2 0.2
0.5 0.3; 55.6496701928199 -57.94705275080994 -57.52918846338578; 0.2 0.2 0.2
0.5 0.3; 59.951070131790985 -58.873766502870104 -57.52729916712575; 0.2 0.2 0.2
0.5 0.3; 61.01967444812408 -59.13821899763111 -56.56143203456016; 0.2 0.2 0.2
0.5 0.3; 65.12578328245108 -60.42696292078855 -56.552571855523674; 0.2 0.2 0.2
0.5 0.3; 65.21925431502892 -60.433168457514356 -51.32335409700782; 0.2 0.2 0.2
0.5 0.3; 65.4995732560588 -60.70514081910332 -50.796252775408576; 0.2 0.2 0.2
0.5 0.3; 65.21848600591653 -60.705469728170755 -47.0763575951947; 0.2 0.2 0.2
0.5 0.3; 65.50476331520643 -60.70876926410948 -46.73274982388145; 0.2 0.2 0.2
0.5 0.3; 67.141226085395 -61.35400521199998 -43.66933011189805; 0.2 0.2 0.2
0.5 0.3; 67.33956191605238 -61.62006736415378 -43.52865369832895; 0.2 0.2 0.2
0.5 0.3; 68.59041896310232 -63.53046109059959 -40.703248585161305; 0.2 0.2 0.2
0.5 0.3; 69.84089409578229 -63.46507425396163 -39.64564137380598; 0.2 0.2 0.2
0.5 0.3; 72.16677001646595 -63.543249191970055 -39.64147096693049; 0.2 0.2 0.2
0.5 0.3; 72.17138796237224 -63.88265992046418 -38.36181861284377; 0.2 0.2 0.2
0.5 0.3; 73.31764921612842 -68.16688228581769 -37.75519083659189; 0.2 0.2 0.2
0.5 0.3; 72.18470295353447 -68.77439304837144 -32.82797203508889; 0.2 0.2 0.2
0.5 0.3; 75.26827137064974 -68.77661450624414 -29.957708267486925; 0.2 0.2 0.2
0.5 0.3; 77.36860466160809 -72.04700238739588 -29.74672450498265; 0.2 0.2 0.2
0.5 0.3; 78.87411010193037 -72.18067542253958 -26.089680642084257; 0.2 0.2 0.2
0.5 0.3; 78.95335201481441 -76.92334056650053 -25.974847035509388; 0.2 0.2 0.2
0.5 0.3; 79.11537620121645 -77.11582710662191 -25.900794412700506; 0.2 0.2 0.2
0.5 0.3; 82.00568055936411 -79.5510503940259 -25.755726040581536; 0.2 0.2 0.2
0.5 0.3; 82.31934594780388 -83.28440066207699 -24.287936436510698; 0.2 0.2 0.2
0.5 0.3; 82.27225519465132 -83.2865104468065 -18.733063817215058; 0.2 0.2 0.2
0.5 0.3; 82.01381370170255 -83.68982419391344 -16.789849198198596; 0.2 0.2 0.2
0.5 0.3; 82.01437839997078 -83.83346885327254 -14.397277610044604; 0.2 0.2 0.2
0.5 0.3; 80.43145678517396 -85.61225969590716 -14.236058952779265; 0.2 0.2 0.2
0.5 0.3; 80.56820990739978 -86.3537676603669 -11.793920785132068; 0.2 0.2 0.2
0.5 0.3; 80.55029631082368 -87.15628153575594 -8.796553360101685; 0.2 0.2 0.2
0.5 0.3; 84.9476637335329 -87.15632762116739 -7.550110744769311; 0.2 0.2 0.2
0.5 0.3; 86.15324088211668 -89.89436364497001 -6.135654967548414; 0.2 0.2 0.2
0.5 0.3; 89.20884014458515 -89.89433770832167 -5.397277510641938; 0.2 0.2 0.2
0.5 0.3; 89.65987485262059 -90.30455614322928 -4.615750217510254; 0.2 0.2 0.2
0.5 0.3; 91.1125579786585 -90.73425434750988 -3.9382468138386475; 0.2 0.2 0.2
0.5 0.3; 91.14192491582297 -90.66129953677859 -0.44501240520421287; 0.2 0.2 0.2
0.5 0.3; 94.02059686945573 -92.59061118082802 1.420088087793823; 0.2 0.2 0.2
0.5 0.3; 94.0523367471085 -93.94323272977829 5.579702246169667; 0.2 0.2 0.2
0.5 0.3; 94.06505333216793 -94.000230577635 10.946507790630537; 0.2 0.2 0.2
0.5 0.3; 94.09956383928953 -93.439940011086 14.916288694320981; 0.2 0.2 0.2
0.5 0.3; 93.19306310629116 -93.59731046282693 20.442024158400237; 0.2 0.2 0.2
0.5 0.3; 93.6317642842484 -93.85583301984661 21.97994265682577; 0.2 0.2 0.2
0.5 0.3; 94.29022318455057 -93.79202406461282 22.806048256138777; 0.2 0.2 0.2
0.5 0.3; 94.29311989026843 -93.52762887419064 23.93689074502003; 0.2 0.2 0.2
0.5 0.3; 94.37422022096162 -90.2975908448131 25.0797301015032; 0.2 0.2 0.2
0.5 0.3; 94.37581637999035 -87.02558094193736 25.58477170876027; 0.2 0.2 0.2
0.5 0.3; 94.53434290718411 -84.99698126400268 25.78725199302222; 0.2 0.2 0.2
0.5 0.3; 98.72809943431128 -84.49903698461402 27.092523959906895; 0.2 0.2 0.2
0.5 0.3; 98.77185928971399 -78.44155799237512 27.093812219971543; 0.2 0.2 0.2
0.5 0.3; 98.94812208919534 -76.31852760622068 27.157625720632385; 0.2 0.2 0.2
0.5 0.3; 98.10068255025183 -76.15488897855091 31.13168186142006; 0.2 0.2 0.2
0.5 0.3; 99.81730535517194 -75.3242523666964 33.61360698755078; 0.2 0.2 0.2
0.5 0.3; 100.38795893291626 -75.26069964432857 35.68369984388473; 0.2 0.2 0.2
0.5 0.3; 95.88641818718264 -74.99793246458849 36.66959106714448; 0.2 0.2 0.2
0.5 0.3; 95.50940711587563 -74.98530175175864 40.535394770013255; 0.2 0.2 0.2
0.5 0.3; 95.1389317481656 -72.60990847013845 41.921076090351946; 0.2 0.2 0.2
0.5 0.3; 95.34404933943769 -72.60715144403298 42.89464363172176; 0.2 0.2 0.2
0.5 0.3; 95.35262213578807 -72.60698728102108 48.65355891401427; 0.2 0.2 0.2
0.5 0.3; 95.36664758482719 -71.52517438023763 49.213009354672415; 0.2 0.2 0.2
0.5 0.3; 94.95607839181086 -71.52481124361394 50.64730380798231; 0.2 0.2 0.2
0.5 0.3; 90.10093548186575 -70.98753564405429 50.90655874017128; 0.2 0.2 0.2
0.5 0.3; 83.36878759275533 -70.98336389762012 50.91413464016169; 0.2 0.2 0.2
0.5 0.3; 79.03711465882479 -70.2478255141881 51.52887237096888; 0.2 0.2 0.2
0.5 0.3; 77.08044199014451 -68.46354934211759 51.55233669304991; 0.2 0.2 0.2
0.5 0.3; 74.29351755546561 -70.76522664185622 53.311409933154835; 0.2 0.2 0.2
0.5 0.3; 74.22041329253311 -70.75589007648202 59.05572713552864; 0.2 0.2 0.2
0.5 0.3; 73.86002881371107 -70.73385859733642 63.605328151623716; 0.2 0.2 0.2
0.5 0.3; 74.53097939386785 -70.65643373030481 69.48750647695701; 0.2 0.2 0.2
0.5 0.3; 74.48301767147193 -70.64684708047318 75.42758681354651; 0.2 0.2 0.2
0.5 0.3; 72.9646689321805 -70.73265467487282 75.74359976283449; 0.2 0.2 0.2
0.5 0.3; 72.70522050595993 -69.89675854535498 78.7547420299534; 0.2 0.2 0.2
0.5 0.3; 70.63948998116395 -70.16907572733962 82.90439543141488; 0.2 0.2 0.2
0.5 0.3; 70.67229862875261 -68.39202610953443 82.90530615774452; 0.2 0.2 0.2
0.5 0.3; 69.00643080016198 -64.09627209123387 83.63980147381572; 0.2 0.2 0.2
0.5 0.3; 69.03944932498598 -64.0956332780599 85.94099840473233; 0.2 0.2 0.2
0.5 0.3; 68.86269116256108 -61.46444888554919 88.26852083525071; 0.2 0.2 0.2
0.5 0.3; 68.31203309870111 -60.79139261070772 93.84198583451699; 0.2 0.2 0.2
0.5 0.3; 68.51708349756007 -59.05307234879279 94.08842714715009; 0.2 0.2 0.2
0.5 0.3; 68.51701929462028 -58.81591376019573 96.42578890684779; 0.2 0.2 0.2
0.5 0.3; 70.63102151741592 -62.826200009692705 96.60951176946307; 0.2 0.2 0.2
0.5 0.3; 69.55020418158895 -63.5859260676169 96.98294551999402; 0.2 0.2 0.2
0.5 0.3; 69.55054477561053 -63.834044989641605 97.82739610668976; 0.2 0.2 0.2
0.5 0.3; 69.52736785786993 -63.86200118480361 101.41686070591018; 0.2 0.2 0.2
0.5 0.3; 69.52807388210108 -65.38094774030128 103.06252557657965; 0.2 0.2 0.2
0.5 0.3; 68.19151266759827 -66.03261898103608 103.700714496297; 0.2 0.2 0.2
0.5 0.3; 68.09235827247623 -66.23236765016607 108.51991547482659; 0.2 0.2 0.2
0.5 0.3; 70.61215046141659 -65.9136379404758 111.6548180938459; 0.2 0.2 0.2
0.5 0.3; 72.71924139643765 -65.6970589385709 115.5929521429301; 0.2 0.2 0.2
0.5 0.3; 74.74791733997836 -61.33671196103895 115.93754947579436; 0.2 0.2 0.2
0.5 0.3; 75.01096603340429 -55.88724962920992 114.99447876614491; 0.2 0.2 0.2
0.5 0.3; 76.59340880090215 -55.45333028538104 116.1047195255997; 0.2 0.2 0.2
0.5 0.3; 76.62529939637265 -55.109435826507045 116.28870727238112; 0.2 0.2 0.2
0.5 0.3; 76.70483476849273 -53.52348891684407 116.44986196240197; 0.2 0.2 0.2
0.5 0.3; 77.5800069101896 -54.508466753155204 120.17391554460596; 0.2 0.2 0.2
0.5 0.3; 82.50852419078757 -54.45308567860435 120.75972927917203; 0.2 0.2 0.2
0.5 0.3; 84.33347196570801 -53.96751167162706 123.7327901413735; 0.2 0.2 0.2
0.5 0.3; 87.71047726153765 -53.9745282782369 120.90646564307733; 0.2 0.2 0.2
0.5 0.3; 92.39374445676027 -53.90365806277231 120.9161912248648; 0.2 0.2 0.2
0.5 0.3; 96.8685298854141 -53.75311063298065 120.91619413288761; 0.2 0.2 0.2
0.5 0.3; 100.38076576441718 -51.07042133806619 120.94874122866722; 0.2 0.2 0.2
0.5 0.3; 100.4951073054006 -46.99782593610437 120.94817847932346; 0.2 0.2 0.2
0.5 0.3; 100.67241920508432 -46.11607160985405 120.46955139726998; 0.2 0.2 0.2
0.5 0.3; 102.05686866428942 -43.10344041094701 120.59412523321596; 0.2 0.2 0.2
0.5 0.3; 102.05727617217312 -39.656420970018715 121.047524312851; 0.2 0.2 0.2
0.5 0.3; 102.06582772675345 -39.30397133511815 124.1079027626414; 0.2 0.2 0.2
0.5 0.3; 102.44207309601029 -37.82850229773683 124.49118217519923; 0.2 0.2 0.2
0.5 0.3; 103.01707944244939 -35.129074676748 124.5283699642943; 0.2 0.2 0.2
0.5 0.3; 104.25340775606105 -30.329254904606977 124.63866098222255; 0.2 0.2 0.2
0.5 0.3; 105.34579587425067 -27.426559493277523 124.54411100543969; 0.2 0.2 0.2
0.5 0.3; 106.26240459408695 -27.035428727796976 125.69745778549473; 0.2 0.2 0.2
0.5 0.3; 107.10104523521814 -26.685509750422383 125.70860552424725; 0.2 0.2 0.2
0.5 0.3; 108.22747676277476 -24.902889813884734 126.19851216332673; 0.2 0.2 0.2
0.5 0.3; 109.03875644485656 -24.888518448309025 126.20975114506611; 0.2 0.2 0.2
0.5 0.3; 109.55117127648158 -23.190182333627252 123.98678339816439; 0.2 0.2 0.2
0.5 0.3; 109.62807318352385 -17.873034533386292 122.90683002643019; 0.2 0.2 0.2
0.5 0.3; 109.65006826616542 -17.346047040932703 122.90186282390876; 0.2 0.2 0.2
0.5 0.3; 111.66642917901213 -16.919458796412837 122.62409976411463; 0.2 0.2 0.2
0.5 0.3; 113.13291740266443 -11.570959379020689 122.51672801770079; 0.2 0.2 0.2
0.5 0.3; 114.23325733992536 -10.826201252012908 122.48469262699827; 0.2 0.2 0.2
0.5 0.3; 119.36296184417833 -10.722645490496106 122.48655401079294; 0.2 0.2 0.2
0.5 0.3; 119.06723151790854 -8.560591075877065 122.36378406548424; 0.2 0.2 0.2
0.5 0.3; 119.29197939752441 -7.80689021149133 118.28627836041233; 0.2 0.2 0.2
0.5 0.3; 119.64607936343866 -4.04044757887977 118.16367177535471; 0.2 0.2 0.2
0.5 0.3; 121.39420574794804 -3.345626405017357 114.75764057687539; 0.2 0.2 0.2
0.5 0.3; 121.61363184327146 -2.6778186931038395 111.1461038066163; 0.2 0.2 0.2
0.5 0.3; 123.1962665982026 -1.9653128796791541 110.12927787853026; 0.2 0.2 0.2
0.5 0.3; 124.35373821476807 -1.4104135865506868 110.2907670024295; 0.2 0.2 0.2
0.5 0.3; 125.64668127239788 -1.2280376347293274 110.13171844320331; 0.2 0.2 0.2
0.5 0.3; 131.1075814255034 -0.8462258973522147 109.58022205181028; 0.2 0.2 0.2
0.5 0.3; 135.16630094179604 0.4953167305189566 109.52796001822959; 0.2 0.2 0.2
0.5 0.3; 135.31408788350097 0.5276251157493574 106.96094117760008; 0.2 0.2 0.2
0.5 0.3; 135.04934028872356 0.541132827173792 104.86095814385264; 0.2 0.2 0.2
0.5 0.3; 133.79250749557025 1.1220379526364763 102.3184251041527; 0.2 0.2 0.2
0.5 0.3; 135.93411976669853 1.1484534168048666 100.03439842031108; 0.2 0.2 0.2
0.5 0.3; 135.9489060569903 1.5354906339119871 94.76420617539152; 0.2 0.2 0.2
0.5 0.3; 135.95111184815275 1.544214466193036 93.86700938592497; 0.2 0.2 0.2
0.5 0.3; 139.94759854847018 1.5438559614097562 92.45912297368167; 0.2 0.2 0.2
0.5 0.3; 140.11567350844305 4.206537028231127 91.49102142028418; 0.2 0.2 0.2
0.5 0.3; 140.56455667291337 4.223661033647968 91.33129757977088; 0.2 0.2 0.2
0.5 0.3; 140.62568086855032 8.589637277683583 91.30506902352052; 0.2 0.2 0.2
0.5 0.3; 141.93141893586954 8.973440220964015 91.05106220986914; 0.2 0.2 0.2
0.5 0.3; 141.92772299501493 9.18687823866237 90.95313089464413; 0.2 0.2 0.2
0.5 0.3; 141.97714920289854 9.998157618281693 89.49602894245112; 0.2 0.2 0.2
0.5 0.3; 142.70465941900494 13.949269073550234 89.48193298802117; 0.2 0.2 0.2
0.5 0.3; 142.72634215250488 14.56395278062533 88.65247593917675; 0.2 0.2 0.2
0.5 0.3; 142.861825107108 16.98416242957623 88.65243030007649; 0.2 0.2 0.2
0.5 0.3; 148.44873994555581 17.45683616760418 88.63801555164252; 0.2 0.2 0.2
0.5 0.3; 149.25901318552565 18.71680551266129 88.46099579208125; 0.2 0.2 0.2
0.5 0.3; 149.9120128407601 19.271718315929046 88.38124216517046; 0.2 0.2 0.2
0.5 0.3; 149.91212350917795 23.064041708045174 88.1651751849583; 0.2 0.2 0.2
0.5 0.3; 149.9312329522434 28.22681348811323 88.36363553944284; 0.2 0.2 0.2
0.5 0.3; 150.00000000000003 29.999999999999993 90.0; 0.2 0.2 0.2
