0.35 0.305; 119.99999999999997 90.0 -119.99999999999997; 0.2 0.2 0.2
0.35 0.305; 128.10644092748257 87.07104725699372 -106.85447034572556; 0.18693737068249522 0.170039627450779 0.19337284485971218
0.35 0.305; 128.79732031432977 80.86401514735371 -102.36770656889644; 0.186788125081889 0.16746536933128223 0.17997370307258734
0.35 0.305; 129.9876177171813 68.60965409110001 -113.02972381438829; 0.17854835216147866 0.1707362569248175 0.16392927872693466
0.35 0.305; 129.98864181886023 56.09139301473763 -109.08295718040308; 0.17849405571637764 0.17072128680729598 0.14852025192277668
0.35 0.305; 131.04650311824628 33.958368787130425 -109.21416665985885; 0.17445994972340648 0.17066890101541166 0.14861385525792806
0.35 0.305; 131.19232252085797 22.294239492190307 -101.31535406095414; 0.1667955119999254 0.15269242187530924 0.11901801794089456
0.35 0.305; 124.20201957703412 17.006559331113827 -87.35930584989029; 0.166389754041452 0.15262220146943042 0.12348154296560396
0.35 0.305; 132.96322075600693 9.656154755082682 -77.63229350145056; 0.15958541026145975 0.14830098909788314 0.12265928797980095
0.35 0.305; 133.16662726910056 -8.991856493537927 -76.94297222030114; 0.15941512898894974 0.1480295537703816 0.12263290102594399
0.35 0.305; 138.67738081035145 -18.26205908450147 -74.45439689098316; 0.15709456833488303 0.1473476147591058 0.1237739573001337
0.35 0.305; 138.29700561887498 -22.06395657943813 -73.07269531603878; 0.15713692873287857 0.1472004171734393 0.12693675876213806
0.35 0.305; 138.28655969008904 -22.40693909536701 -69.82785996383508; 0.15702347372058645 0.14721537665667223 0.12692310267970158
0.35 0.305; 136.9788235808193 -32.77322783295354 -66.51371714088432; 0.1582309694608719 0.13461315214742173 0.12379735326523625
0.35 0.305; 138.5727717800333 -54.45747586322786 -66.82072175699827; 0.1601807898405857 0.13045954242343438 0.12380203792172602
0.35 0.305; 141.6412056035173 -57.417605751849756 -75.18617254548923; 0.14456569462075142 0.13340068562021348 0.13171657989446972
0.35 0.305; 143.22641442726382 -78.36155296855446 -75.43225388342645; 0.14458971577199636 0.13861973218613632 0.13179997360723672
0.35 0.305; 144.54431203824245 -84.47659673932647 -80.68733775452257; 0.14907264983455923 0.13862420684150448 0.1364563556344395
0.35 0.305; 141.39058743688142 -91.84715750341623 -76.55936609238341; 0.17451613920729622 0.1138770703619397 0.15160133355910035
0.35 0.305; 142.62367777180958 -94.7466416186996 -62.763993109081476; 0.17546723181117058 0.11319346433336025 0.14378901388341012
0.35 0.305; 149.50797445235455 -95.25864000995371 -63.722498832929524; 0.15236203536078627 0.14534348442642417 0.14958673781914872
0.35 0.305; 147.01506339164547 -110.72078903077441 -54.992823120647834; 0.15164912342212766 0.14382776783862095 0.15001018642448938
0.35 0.305; 140.39902212411636 -110.69741745385775 -49.21310535150237; 0.13545084222029727 0.1645508639751921 0.14337866752839784
0.35 0.305; 131.21424343368494 -111.09606792478597 -43.696191107770005; 0.1973462995881468 0.1616579018533055 0.15006750187347262
0.35 0.305; 123.34640256742712 -108.79791731455262 -46.5294936125607; 0.1613913825027659 0.17297412555677144 0.16717047073490898
0.35 0.305; 121.15561784123854 -99.58739876903543 -46.47849149753635; 0.16138723800338672 0.1736979944760902 0.176301622748509
0.35 0.305; 113.97128400366992 -99.27515303414744 -37.59724912921275; 0.16118748032183502 0.16133130072254365 0.18203375742976857
0.35 0.305; 108.93513554531131 -97.7950927615362 -28.803931071886986; 0.15055738406539568 0.1613267614651685 0.17888355523584595
0.35 0.305; 104.0122088847335 -95.16409132285754 -28.639329994237517; 0.15481945300068561 0.15542994285339432 0.1698517137147899
0.35 0.305; 103.55226129575921 -94.04617287103558 -20.96400759436199; 0.13866580639416037 0.15470900513064584 0.17548021457926144
0.35 0.305; 97.57479246686758 -87.94077351200265 -17.628161566227995; 0.1387199951499895 0.1532411696158742 0.17543788726985238
0.35 0.305; 95.83106435293534 -84.46001266697756 -17.55803877601685; 0.14247120189854104 0.15262987941460543 0.18015189200707
0.35 0.305; 92.87329078914941 -82.65192170765157 -9.674773596663282; 0.133112832119858 0.15512038452598548 0.13537320697177532
0.35 0.305; 83.57017729969488 -79.5025060005656 -10.086222241854117; 0.1330410940830195 0.15526418941534714 0.14245891472616784
0.35 0.305; 81.04066393887149 -68.31723973566044 -13.56486557716892; 0.14364161207107853 0.1614521842912801 0.17347960456935407
0.35 0.305; 78.73238681453186 -68.10402366231457 -10.833784719489447; 0.1436504146144369 0.16137975357527085 0.18345532909736514
0.35 0.305; 73.4678276837535 -66.31645745106856 8.505275322099683; 0.14491209369606073 0.16709636239230444 0.18286621471191092
0.35 0.305; 66.7545046492981 -65.79429147613914 6.283054346848883; 0.14531146998960018 0.1461466235172621 0.12839758571698834
0.35 0.305; 65.54123398798177 -49.65876442810028 6.327371006338184; 0.1466485062489624 0.15578950595732535 0.12976988085031232
0.35 0.305; 64.67516378830453 -49.32582896298318 -13.483625330893291; 0.1424869908616127 0.15772506477514198 0.12723344410017476
0.35 0.305; 59.99077188397767 -47.93039548521461 -18.077044738073653; 0.1424927819799586 0.16052754497986382 0.12996350261274003
0.35 0.305; 58.72827462844611 -45.44771128399016 -39.95957821286828; 0.1425295267076191 0.1609329527642551 0.12772436477148577
0.35 0.305; 58.69793576348123 -45.339992851481306 -44.32373738662872; 0.14252181443317485 0.17544886346408395 0.12615706763894954
0.35 0.305; 58.42059822123242 -29.059858820970803 -46.17848590243813; 0.14312476432671464 0.17544192004987347 0.12598785180306388
0.35 0.305; 58.26410196409955 -29.057004283563252 -52.53846673106951; 0.14066119987874073 0.1849511710318449 0.12595516386351055
0.35 0.305; 54.51236994556506 -27.257291564961733 -53.94517721582139; 0.1331259311601731 0.18413022607350046 0.17080590411142163
0.35 0.305; 53.752272027699824 -27.20546225715096 -57.97421877623538; 0.1336657422575433 0.1842917487093197 0.1708080695975469
0.35 0.305; 52.95015327061725 -19.322733120203402 -57.64527461314608; 0.1334556001795877 0.18312453770229634 0.18881594138097724
0.35 0.305; 52.6267257567625 -19.334530856921344 -68.21843404995008; 0.13346468386657595 0.18313313654799904 0.1895162210741778
0.35 0.305; 52.55581176448351 -24.320043126790885 -80.27714136226427; 0.13354162376609682 0.18473940704170086 0.18955481448864472
0.35 0.305; 50.04619919945604 -24.155497879417826 -101.54789593367553; 0.13460579770792236 0.1850894157457619 0.1899238715299767
0.65 0.305; 104.34280538636268 101.54789593367553 24.155497879417826; 0.1899238715299767 0.1850894157457619 0.13460579770792236
0.65 0.305; 104.43938933002507 76.57411123044143 23.671516876479494; 0.18891545983161295 0.18477075401670146 0.1334062368504611
0.65 0.305; 103.9596734143278 76.06972284141266 36.07770659593209; 0.1834754672397004 0.1848285890410639 0.13356375778476148
0.65 0.305; 95.93866515608943 90.76691068174259 35.1773344286865; 0.1476270674435723 0.18601119418687742 0.14111509885171378
0.65 0.305; 94.48297291664103 90.7746630883382 35.09744393342351; 0.14584597282697398 0.17388578605783034 0.1407544919994968
0.65 0.305; 77.38377496798455 92.72250846787708 33.28026164278283; 0.15280682436076273 0.13338359074961578 0.18104818015184196
0.65 0.305; 60.69132520077683 92.97616991803969 33.32342700652576; 0.15284972610050115 0.13335136449067128 0.18128338419869705
0.65 0.305; 54.89865108742457 93.11502904034778 46.31418040416439; 0.15265069013204893 0.13285845660135695 0.15814313439516775
0.65 0.305; 58.95153617966538 93.55694681680046 62.48150978334642; 0.178473320068852 0.13244320153506342 0.15706367827587156
0.65 0.305; 53.56282491124489 93.96685836488855 65.64707123409156; 0.17847304131893912 0.13225691286483263 0.15673393017524997
0.65 0.305; 40.37677726564681 94.82854469345851 72.45053059057831; 0.16670240442808437 0.13260690633844624 0.14209981066208308
0.65 0.305; 36.18105968179531 80.46233889436843 73.8005839371181; 0.15311763273252116 0.13102453110378603 0.144890287958632
0.65 0.305; 27.433092399914027 66.04196807530343 71.94668044704565; 0.153727532642322 0.1309942904248788 0.14480258147981653
0.65 0.305; 23.552292151761172 61.68195659813407 87.81307714328635; 0.1474678951155587 0.13151166605891168 0.15544780487560642
0.65 0.305; 38.76918865128463 52.7600418512513 89.30584320177088; 0.14758293907087133 0.11948444343377969 0.15664415439080895
0.65 0.305; 40.380965617036445 51.8229991832026 93.73820840274327; 0.14748370230494112 0.12220102095168502 0.1562543677579416
0.65 0.305; 40.372405827407256 47.84374719971131 96.5435935599754; 0.15361957327002226 0.12112796021426506 0.1468795932172254
0.65 0.305; 37.40581469084472 29.33464918771633 97.05968762633562; 0.1680380768287084 0.14767201782318948 0.16382553695910038
0.65 0.305; 38.57537589368635 13.593102186352919 102.0913417514662; 0.1673578180576253 0.14597894352335625 0.16162449101297183
0.65 0.305; 40.10025008695127 10.06686333672036 109.62718353541858; 0.1635305676789594 0.1485379959123249 0.16104803792101105
0.65 0.305; 35.67124524448037 -1.5683150270452824 115.5919840944594; 0.15976145552059054 0.14648638917797446 0.16365979517295945
0.65 0.305; 22.29707090155881 0.6491310186213683 121.90943131534748; 0.1555673515582175 0.14262694853150848 0.14852994838060696
0.65 0.305; 26.751024876281125 -9.681737041137021 122.55196967176427; 0.15676761981323828 0.14476827776624426 0.1515225312472592
0.65 0.305; 40.74125769902072 -17.5333236642097 123.28579125189422; 0.17769613138961995 0.14618131225625383 0.1529897233791199
0.65 0.305; 39.277999550708515 -26.897146132430024 123.59733758240911; 0.17567065775660576 0.14561794444124287 0.15981249037431008
0.65 0.305; 39.75833507810442 -29.83903957411571 125.64744940121724; 0.17476263873419584 0.15061940918709818 0.16024067899947317
0.65 0.305; 40.889726595041665 -42.55365218366546 127.99479404158313; 0.17481474272224945 0.15074172706952715 0.16074582010819552
0.65 0.305; 47.57036520651523 -52.941701722999255 122.32005841380706; 0.17470003000189635 0.1485343629208907 0.14566406907357432
0.65 0.305; 47.747492914130845 -68.9553292686833 131.15958123375157; 0.18135920014751386 0.1569874122543199 0.1316574408550861
0.65 0.305; 47.93825209175514 -83.79170701569686 130.4893208293228; 0.17723424986920033 0.1676669323818438 0.11965228326468204
0.65 0.305; 54.12234246045322 -85.59211076120287 119.59114420535929; 0.16943560245387998 0.16816045937188423 0.16262816066922306
0.65 0.305; 58.33166780332413 -89.92043328183466 119.41290041295143; 0.16874512236051575 0.16805224636965618 0.16262620959062157
0.65 0.305; 59.999999999999986 -90.0 119.99999999999997; 0.2 0.2 0.2
