0.4 0.1; 90.0 59.999999999999986 29.999999999999993 29.999999999999993 -29.999999999999993; 0.1 0.1 0.1 0.1 0.1
0.4 0.1; 86.59921107679881 71.34799270818021 22.99961165178121 36.01709840554652 -22.255834001059586; 0.09952566074690225 0.09834021310691676 0.12677217698243426 0.09984604660803166 0.09999822367504384
0.4 0.1; 82.68080729717389 73.20996846933431 12.480083957590141 33.581491375223074 -24.305470359646886; 0.10031172565468667 0.09846204001945084 0.12679656370523765 0.10025165528741074 0.1038493319733857
0.4 0.1; 77.41825585326971 77.3987687784012 5.772173319363404 49.417773574193475 -24.272608044360364; 0.10440899966076045 0.09953388845593196 0.12443049595881973 0.10752664283288378 0.10455347858399153
0.4 0.1; 74.47793862151084 83.74074687544206 -13.464191573885913 57.47815472300544 -22.95036007371782; 0.10498842921334092 0.09994319484255432 0.12439108758909959 0.10848319302915499 0.10430978738865698
0.4 0.1; 74.29935273121485 83.48329393713942 -30.807887719056605 73.75775236550014 -24.26387990687666; 0.10284170544360849 0.106064029425742 0.12439085182177652 0.108489048830926 0.10437138876604317
0.4 0.1; 71.65775288570711 86.61842284166079 -32.660136148531144 78.72856944992061 -51.72191589759294; 0.10385980119401476 0.1103778596912607 0.12518035928484408 0.11600973105876612 0.10606354785178192
0.4 0.1; 70.43865019892054 93.30920069666766 -40.44209598705786 82.20894208533562 -51.68009718148315; 0.11010090312777368 0.11097022338966364 0.12075591717006647 0.11573235893632662 0.10970767713119194
0.4 0.1; 70.53459291169376 98.96642901040464 -42.911062583805446 76.61179240780953 -52.89681538193695; 0.11126625201430039 0.11146356705659527 0.12066633817075045 0.11442671540279871 0.1146282904369485
0.4 0.1; 69.45657434974845 103.90680544444258 -52.35608660439281 97.13769323378465 -53.77213900460544; 0.1096690253944324 0.1128163394784142 0.12055441703332911 0.11068582586893835 0.11485464171734913
0.4 0.1; 69.29932830784406 104.46055335070595 -65.2591763233128 99.0978768466698 -56.70259248599939; 0.10250176242457228 0.11015979902769342 0.10890007925155472 0.12094301923631919 0.12251974075813037
0.4 0.1; 67.30600784887 106.8157835516006 -66.24480539827755 101.23341235258039 -65.09777760881019; 0.09752085651040782 0.10149101093593484 0.11140747747363376 0.12042777444525785 0.12150167668604997
0.4 0.1; 71.83980963484272 108.81396989091117 -66.09591583008641 105.0668210377548 -80.94836149077844; 0.09946591534838867 0.09296526260011624 0.10893874268345859 0.11550416845551378 0.129926133149289
0.4 0.1; 91.24186040523996 122.85097568348263 -73.18029426042226 104.59515153805661 -80.95516416741434; 0.11024100727329153 0.10038040917462639 0.10900435010784468 0.12425396669521305 0.12911876289537905
0.4 0.1; 92.50557242392235 126.65658878957316 -79.65288588007823 102.40488660879514 -99.47339823948067; 0.11538363378593205 0.09996271292319138 0.10896275126063584 0.12375732320919963 0.12909311068233795
0.4 0.1; 84.24909271694503 126.68227351563449 -80.53552892955858 100.80902041276961 -129.50938924596358; 0.11899958953580088 0.0928282328670567 0.112602286358862 0.12373861752675938 0.13206738283243655
0.4 0.1; 84.16588293049728 126.85908054410046 -87.71916570866226 100.53487183634462 -133.0721017731879; 0.11899263985750189 0.09463991442683617 0.11613721355467481 0.11717766214199986 0.12942941121699472
0.4 0.1; 89.9949654743282 117.64819164832234 -88.05135323877869 109.66455296600788 -138.50036707984916; 0.123183335044781 0.08904178654045895 0.10941518194831099 0.11721875130652439 0.12697195158207963
0.4 0.1; 95.96492323048899 122.94264084054136 -98.15575657388423 111.18357299635652 -139.80261597826293; 0.12605528878268119 0.09016796700473954 0.11041585924231252 0.10453606345433883 0.11270568992411809
0.4 0.1; 106.48099953676802 120.23492660120127 -99.79575619064786 113.17585324988386 -144.2777126330698; 0.12552317051613782 0.09676993128380434 0.11672802904349755 0.10035525016691689 0.11363522553921904
0.4 0.1; 112.65339419720956 104.98631089797287 -100.51971568074762 113.3700846537743 -144.63592844268013; 0.12359050504052857 0.09989197796662491 0.11688356018856719 0.10053230926896112 0.11363756177609793
0.4 0.1; 126.50765737427626 93.2173125614766 -101.79002136750462 121.34004908101575 -144.6405135248449; 0.12622329364651075 0.11127386983160745 0.11658633984573834 0.1005158486807263 0.11365103920430683
0.4 0.1; 127.67467414329427 77.51306342194474 -107.31758738477612 121.32062506273925 -145.26492464775436; 0.12474013036419826 0.1107451624611303 0.11904010775596069 0.10176751199652764 0.10931103198346927
0.4 0.1; 128.27745104647883 77.50250902773962 -110.52531648316453 122.3020956637495 -145.6698714819232; 0.12645371139313377 0.11107400570526518 0.1188667362460127 0.11823444409186135 0.11532446168557227
0.4 0.1; 133.28791876365327 71.10973798548332 -110.85668717852822 120.89894783858132 -156.86655435391606; 0.12690746622434862 0.11258673520126676 0.10197171801028912 0.11252031384280368 0.1201910234524323
0.4 0.1; 144.05455751542118 61.39974906872868 -111.71138205103206 119.82506329262911 -156.6577521676832; 0.13681116494714934 0.12411326400090839 0.11424149168207916 0.10308387901375582 0.1281032951448973
0.4 0.1; 145.93665077371568 47.730351815624495 -114.59399560974205 119.110062823001 -155.0649291333546; 0.13641355536054692 0.12478343357571149 0.1074022215301083 0.10347814922098002 0.12821361328856004
0.4 0.1; 145.55093177144246 40.29931202976286 -114.96333810288844 91.04082940035873 -151.32690462705554; 0.1359802387492913 0.1273507104621906 0.10715363082231014 0.09419953891168643 0.12374591247870521
0.4 0.1; 137.84731454021446 39.77983938967623 -121.73936133763705 76.76738229967658 -152.29909985379763; 0.11340783943485125 0.12673983743143385 0.1055376097902562 0.0924298710813098 0.12346515876083677
0.4 0.1; 141.8324126428608 31.572091824116878 -131.1759828311845 64.73403916531822 -142.75726018267562; 0.11478202156983153 0.13176171941996107 0.09188479385078517 0.09202643527113916 0.12570015791182793
0.4 0.1; 141.9169945568931 28.639325231206534 -130.66198921175075 62.2654865079435 -133.50309334371866; 0.11395743360274262 0.13275104124758486 0.09231584993023302 0.08998613475293907 0.11844293383410978
0.4 0.1; 147.22017070850475 9.898129206887322 -130.87820425176074 64.09966422596271 -131.2753133433771; 0.09964948313232401 0.11393438317545138 0.09320213710587516 0.0908748662759276 0.1062304438950584
0.4 0.1; 155.13132496748025 -1.0791542487409502 -133.87525905258394 61.806067265525144 -118.38145209345147; 0.10092767078883018 0.11389338665448225 0.09268689963427677 0.09091844205845001 0.1093966914628848
0.4 0.1; 154.7712588504891 -16.76213871936097 -133.9807237243981 62.36819258754673 -108.99285542884208; 0.1036280405154715 0.11398193174511481 0.09595059463457778 0.1045620202258224 0.10777703509289878
0.4 0.1; 152.63332572254745 -16.345476033963134 -138.6377296862823 55.058888902725045 -134.62543075862746; 0.11817482857259773 0.09361904390938287 0.13389530710695674 0.10807505437456122 0.10557560118035464
0.4 0.1; 153.45929798442847 -16.403177427157313 -129.68492984208197 83.00556159373546 -129.1257270827088; 0.12588603816810365 0.09181558529643499 0.13413204889937483 0.10601308123071364 0.10462689458298224
0.4 0.1; 151.98838642216293 -21.311292904893754 -137.35186920323844 81.41471343273433 -122.38184548110821; 0.12565460767635694 0.09160216040998151 0.13447301937918088 0.10836098408418303 0.10438443784746654
0.4 0.1; 138.39210791183868 -36.44434419656281 -134.71997987707064 81.71594992282603 -118.41694655584497; 0.1205117352758283 0.08841104673481665 0.13381663072885652 0.11272364251477697 0.138762171027132
0.4 0.1; 135.6859091211921 -37.224994118160204 -134.667992692081 109.75379044624859 -110.26205821339238; 0.12325320702404752 0.10786028317641297 0.1283177613276267 0.11286456189607734 0.13974361208178787
0.4 0.1; 136.1763002325873 -36.841556171311105 -134.0801824273356 102.9937111073364 -102.80090291291931; 0.12679994583684406 0.1076447155147685 0.1121060782032937 0.1152682269835483 0.13981970146503453
0.4 0.1; 105.37544663625151 -36.51550077221767 -133.79188552967844 104.85878320935977 -93.25421759801095; 0.12023736183015116 0.10712637736614208 0.1091435547870919 0.11520817196318414 0.12241661734136755
0.4 0.1; 92.03745877489507 -26.997960973125053 -134.23447493675627 104.50426311231348 -82.3061823416169; 0.11970899894830407 0.1123571565817848 0.10698235818982038 0.11634951809299267 0.12288355376151676
0.4 0.1; 78.8948152238356 -17.389526360527956 -132.73272031616455 104.70751213978272 -71.38357261920841; 0.1111808281552738 0.11024214306492128 0.10648542722462193 0.11271613482207611 0.13499198551531547
0.4 0.1; 74.78301812281491 -16.75840937488635 -112.39924010066336 90.70632607982101 -70.90719806002066; 0.1112255727006604 0.10144532193817386 0.10418499059798024 0.11142472637149589 0.1341286365521039
0.4 0.1; 75.2580888408224 -16.673656580194784 -113.89535962097337 87.75427944665083 -32.14833869111024; 0.10088927993494998 0.10176633148805508 0.11635121496268312 0.11443512467226827 0.13436936337361471
0.4 0.1; 72.42682804829613 -12.600424168408795 -113.12459787880198 87.26641935715861 -11.917633582030692; 0.10956221533135732 0.10168668925640968 0.12447214507241214 0.11424061316946624 0.12445542579019174
0.4 0.1; 67.1000191817229 -9.814067015182747 -109.79255656717224 73.98861872356113 7.834956275266856; 0.10896217125185706 0.10190186914987834 0.12476448783057123 0.11421897159931847 0.1263603503654166
0.4 0.1; 49.2863746783915 -9.647240682946526 -86.97450544446706 73.917003588209 7.405430402100524; 0.10922024276769174 0.1129522609795588 0.12439874601799505 0.11283104075560757 0.1262863530569355
0.4 0.1; 47.75201760621743 -9.4608445301775 -81.27967001149406 71.04728609641815 6.432083341715766; 0.10718002419069415 0.11297871389064305 0.12657071412932122 0.11594493977060949 0.12588676181439515
0.4 0.1; 46.984914588383624 3.544268650176229 -80.09608526835818 69.50229421445276 7.07870544581943; 0.1072180685105316 0.11363617344377346 0.13174173436291428 0.1163783611127828 0.12359168162693089
0.4 0.1; 47.05484753696868 8.278212452512703 -79.54408240549289 53.56700056139953 6.439098927697093; 0.10678390469652373 0.10965306589667319 0.11311437298369859 0.10985677501574063 0.12363631464587443
0.4 0.1; 37.00298376030145 10.636137802016828 -77.83640328446224 50.513557638614984 7.368319479228264; 0.10649785451482184 0.10379906366611008 0.11309374528130864 0.11029654361847191 0.12395939755814435
0.4 0.1; 32.61745761467497 27.959001189135382 -67.81852361975932 42.19591320705393 4.6396811925649555; 0.10829497588043954 0.10535500304243542 0.11656847822099513 0.11296909327829331 0.12448111846938992
0.4 0.1; 32.617392729236734 27.982919757452333 -67.87109896866386 38.33242862192504 5.3637743545967425; 0.11446865037369627 0.09808741395800326 0.11651140891729048 0.11259690877376838 0.12409732113885519
0.4 0.1; 30.687907089423298 27.13308675512157 -68.16244263528208 40.4347936905958 37.11446110059554; 0.11540413039311033 0.09796983500023762 0.11734504099242003 0.11277150739778283 0.12411644791335245
0.4 0.1; 30.4275119328403 20.34658299327283 -63.97910241131116 40.44210774191846 57.40135926213139; 0.11579009305372413 0.0976466047060696 0.12690363472358424 0.11277158925036158 0.12367374334259149
0.4 0.1; 30.432232238378745 15.393508159939957 -37.93335584316379 38.29500905778724 57.41695101266474; 0.11568899231387454 0.09767852999064379 0.127564707704082 0.11304713668135276 0.1235650093524516
0.4 0.1; 29.75822106226131 11.708508580862324 -18.444684028840857 38.25515944809224 57.602701729922586; 0.11149159067080898 0.11732539857190871 0.13839156124115248 0.11076629251400084 0.1295351940774181
0.4 0.1; 29.377380644359818 16.59663712606637 -17.822814492789586 27.65798290970059 58.06978639659768; 0.11133534277676685 0.11589611632453971 0.1385376552959697 0.1111721197768697 0.12991062948223295
0.4 0.1; 28.991149426026006 15.883525965617622 -6.543874221143357 27.386606271354715 54.285061532858954; 0.11092202123055148 0.1163270683654448 0.13931311975166513 0.11050787441804956 0.1303474872130902
0.4 0.1; 29.958434630833544 15.882237378627472 -5.127281240423444 7.341051122714816 65.18793255292445; 0.10964866020002538 0.11507604633834169 0.14182669515162102 0.10659662927148439 0.13104394680114428
0.4 0.1; 29.93774809499739 15.792620269898348 -2.5632144122653857 -7.8816878880043 66.40811401956638; 0.10944342411880174 0.11478613674624759 0.14304433110113496 0.12079038636589982 0.13247450845780687
0.4 0.1; 34.26436445918834 10.379644570995321 1.5171584159147655 -16.075668029819926 68.36366797159737; 0.09790096779191229 0.10886303243381255 0.1440806834728775 0.12080981005889994 0.13932525053609668
0.4 0.1; 34.16393714601797 2.6967681019744902 2.4745823823187534 -8.493331897993379 72.99227270098257; 0.0977884299540068 0.10887416845534688 0.14410251209957334 0.12101106539644751 0.14389477940540732
0.4 0.1; 34.1614739228023 -3.3648712722578655 6.23364732404869 -11.55631364435498 78.69650995082536; 0.09913675317834193 0.09388323106460097 0.14482726462655554 0.12258025519788354 0.14365360810387123
0.4 0.1; 31.858008978942838 -9.134586449389866 17.243593368386758 -15.348101679732128 85.30984494333677; 0.09942336490433974 0.09343903689007463 0.14466971708047366 0.1307918339687206 0.14385170938139566
0.4 0.1; 31.69868092875653 -9.09318231552874 15.689012433500013 -17.489893649265063 86.37087811903959; 0.09878743619180627 0.09199642044300875 0.14479092106943584 0.13553686272664336 0.144034212544964
0.4 0.1; 31.3115363761351 1.6282640747989428 22.623935695302695 -20.54691029266593 99.20063172562601; 0.09206954857442139 0.09178393543742873 0.14596662621788176 0.13702154976666567 0.14403826303172057
0.65 0.49999999999999994; -45.78254242080318 -99.20063172562601 20.54691029266593 -22.623935695302695 -1.6282640747989428; 0.14403826303172057 0.13702154976666567 0.14596662621788176 0.09178393543742873 0.09206954857442139
0.65 0.49999999999999994; -44.21372158275854 -98.17418028367656 8.927077826511788 -22.969977893698825 4.155029125187913; 0.14367539485460684 0.13744214782693723 0.14595985506692755 0.09152656840093597 0.09327961518518992
0.65 0.49999999999999994; -44.05364172252282 -94.37171835330895 0.12889606908791015 -42.98092559914044 -5.224319593750208; 0.14352050908899344 0.1333473088160464 0.144568734099244 0.09377495845150428 0.09238254457503654
0.65 0.49999999999999994; -42.77180943485494 -94.62387047988724 2.954706047956584 -43.337073662888464 -29.432438101888177; 0.13571473625218322 0.11983581418116213 0.13206347968747265 0.09391864941896237 0.1075692806921155
0.65 0.49999999999999994; -46.38686579706274 -87.79623376566009 -3.431002471786162 -46.664321078841 -38.24062451612318; 0.1336584089601694 0.11990458535906885 0.13115238430405515 0.10137457655202496 0.1076150645539188
0.65 0.49999999999999994; -45.33048196796037 -78.39370082658773 -20.569589617225283 -46.83996396533384 -51.45489080834713; 0.1310544279569073 0.11943899842630348 0.13115093273049244 0.10350825059247881 0.10737455347726067
0.65 0.49999999999999994; -45.3893953574861 -77.48389427347345 -20.381827027147335 -15.802900660715554 -59.10422213414261; 0.1298086626260215 0.11944015421512827 0.13096636758928126 0.10354356206043328 0.11066558628757842
0.65 0.49999999999999994; -45.03776042711195 -77.170866066987 -24.585590991189346 5.225389494877151 -59.109119763364255; 0.13010448031906136 0.11478540190571924 0.13091910505315799 0.10355345133865361 0.11076118079914575
0.65 0.49999999999999994; -42.522763185034066 -76.3095376164311 -33.70761622299202 34.180645406695284 -57.87586099418702; 0.1300078578762839 0.11855043156352292 0.12711881785078744 0.10142860168474116 0.1097291302272879
0.65 0.49999999999999994; -42.874794157178435 -74.40354003426297 -31.667081776588404 36.72139610042592 -76.34584169845836; 0.1250076695653276 0.11584796944829696 0.12776238319614835 0.10130320090132566 0.10894353731551243
0.65 0.49999999999999994; -41.83740708085283 -74.40083835455552 -46.13427276254488 38.05991813237764 -78.31712252195719; 0.1250244841622728 0.11579577615269238 0.12768793055044414 0.10572285768190963 0.10505716935919139
0.65 0.49999999999999994; -37.886706449914634 -74.61986697867384 -51.252530405594456 56.721788248741234 -80.1974806172072; 0.1251550748738776 0.11539383277894892 0.1263403942896684 0.10786709697925942 0.097955529008732
0.65 0.49999999999999994; -21.176223214721492 -68.91011991155443 -56.461471690017504 58.29927520834592 -79.76171532076765; 0.12549325773584832 0.11341123452972195 0.12526932341289135 0.10676027212449878 0.10936541312121266
0.65 0.49999999999999994; -13.522536157007318 -68.74958845607755 -59.68906342481212 53.253504051295074 -88.31473730624231; 0.11992390931354394 0.1168569360769965 0.1265088397154678 0.1053535440453663 0.1149555425310421
0.65 0.49999999999999994; -11.601757879107875 -68.93995361411135 -50.33927129257278 61.559290095150416 -93.0629905177463; 0.1179886735468408 0.1198842200161978 0.12650875345884552 0.10481570394646786 0.11069830876663755
0.65 0.49999999999999994; -11.579319311012952 -65.70198453413731 -50.70832577685559 68.58553721898872 -109.84449512466072; 0.11783258610738144 0.1067731629080062 0.1273799688835046 0.1030202006509161 0.11067084543893516
0.65 0.49999999999999994; -11.49161131869861 -64.05685020752513 -41.386708778583 61.0531624225315 -109.96973186745518; 0.11259614162052335 0.10249811846295914 0.12490590777195208 0.10496497078419459 0.11524857092364296
0.65 0.49999999999999994; -13.680203225407796 -56.45635659157014 -41.88443796121319 74.39509405050416 -113.80583075445469; 0.11978398429783522 0.09124767422852077 0.11839315685405291 0.09754658156539005 0.12459321063724678
0.65 0.49999999999999994; -12.326181818950095 -61.98840178384106 -36.64210611747882 76.75221912368217 -120.63581876880299; 0.12009543603108429 0.09176525999940388 0.11853794471030495 0.09793828042845573 0.12623218731769165
0.65 0.49999999999999994; -10.465378004055033 -74.75705301076489 -28.737432637659882 77.19621684936283 -121.15384410146812; 0.12049054476516749 0.09304574985608145 0.11714040420663535 0.09799367734838835 0.1261651114062852
0.65 0.49999999999999994; -13.771664539244851 -76.12348485975552 5.6981369756535045 77.61754451380504 -121.01279497520626; 0.12073746539110271 0.09306605754373398 0.11710993065306068 0.0983285059903392 0.1260357365239234
0.65 0.49999999999999994; -8.228389379018472 -87.88067403032416 14.789216315032238 78.53650176208724 -121.5176218161163; 0.12164879884491885 0.09220192528416223 0.12174031895294073 0.09961455743245604 0.1250274048417732
0.65 0.49999999999999994; -18.73326098474789 -87.8789308585047 17.866215850402032 82.47398659490688 -110.12994453683173; 0.12082144067558488 0.10965238291203956 0.12519945622519046 0.09764378806705641 0.12519748522500881
0.65 0.49999999999999994; -17.508121338019816 -90.44798898358378 17.85048440831975 122.09274038996195 -109.36847493490302; 0.1208446893140038 0.10390614594452251 0.12493602687186858 0.09762577102905895 0.1267354237455062
0.65 0.49999999999999994; -28.487868250241693 -84.06234847203638 19.490164917379264 124.79109699012446 -93.23294413255049; 0.12073194350770358 0.10373425462254723 0.12088810202935923 0.09802827984056173 0.12632403534777942
0.65 0.49999999999999994; -48.02871258666391 -83.85415198719271 25.72597477023883 124.19860056223156 -77.65777100761309; 0.12480511375116027 0.10650039283570241 0.12099473111004307 0.09815682690017254 0.12615314951404397
0.65 0.49999999999999994; -52.00106571566814 -62.67498041305397 26.159634154418477 122.9074132396314 -68.94483049520198; 0.12417695233599484 0.10633330579849455 0.11943584502436991 0.09784618868413754 0.12444299575231482
0.65 0.49999999999999994; -52.465329464593516 -57.44870135870262 27.79399455696738 122.98606157504115 -52.71430768413857; 0.1078243820387981 0.10602550363087489 0.11856913860574593 0.09183997911712923 0.11317064755188219
0.65 0.49999999999999994; -55.46728872391738 -49.54511638898673 37.89484554314033 119.64950697324798 -36.94693385501595; 0.09750703240949779 0.10874591628219452 0.11859617017743462 0.09184294787964602 0.11901278783600658
0.65 0.49999999999999994; -56.511502638003066 -45.96083562164706 54.76972140940461 119.17455033905811 -35.89418818960795; 0.09833816191098012 0.1087965487347574 0.11895942611095688 0.09185002581351479 0.11262365190215605
0.65 0.49999999999999994; -61.17426293807364 -45.56232713749434 52.38759919746837 118.80415041224813 -42.10878478600012; 0.0970260914201165 0.11398687466292806 0.11871374351727615 0.09542828914818538 0.11172751809025208
0.65 0.49999999999999994; -64.58410911411464 -27.638483955451644 56.835002510104395 125.14223251074903 -42.25775067789307; 0.10009234879264649 0.09918562512298917 0.11831176921498104 0.09563201671820278 0.11172295492302456
0.65 0.49999999999999994; -67.39385788598976 5.908802593381568 57.76768978051404 123.15394910396307 -43.56380623031725; 0.10010057002167948 0.09688170726891715 0.11964540918073897 0.11513296092031314 0.11177711222596194
0.65 0.49999999999999994; -67.39382586755768 5.944058057429039 61.773246293512976 122.91816177937932 -60.083516433279314; 0.09936504655054251 0.09660151078276778 0.11948358335003544 0.1175508502173167 0.11311169407444026
0.65 0.49999999999999994; -65.6787937681656 12.793716334420342 76.6277858499417 117.97314519960698 -70.36508057879489; 0.09357315333519767 0.09037981619971942 0.11975046131725128 0.1289254407665435 0.1303324294598887
0.65 0.49999999999999994; -51.638181087380474 14.188133874354003 79.61754842377955 106.71692778366716 -67.1923556500911; 0.09425661597258889 0.09466495130145655 0.1194922168430915 0.1333690120100217 0.1165458189825009
0.65 0.49999999999999994; -51.637387773760935 14.701347554904794 105.66308760420046 98.96470506220983 -68.4544078383242; 0.09425947093063188 0.09760708342452583 0.11941480614362295 0.1320391213928497 0.1173461967249117
0.65 0.49999999999999994; -49.197626998596284 -0.7978837211247983 112.05215941172622 93.87362216552393 -60.21189863579221; 0.1115130437945132 0.12070681153896164 0.12576973906285194 0.11156353404774176 0.10823717167741495
0.65 0.49999999999999994; -42.6081302426748 -4.787421887588426 112.2699632459115 83.16719724948291 -57.96779836640194; 0.11297162659126012 0.12174378071918515 0.12582733020881107 0.11166075396902188 0.10730359296798166
0.65 0.49999999999999994; -31.935804716760057 -14.929101426879056 112.32265419059573 83.90404043902268 -57.964777412087514; 0.11899388769270584 0.11908409661985898 0.12582385249303812 0.1133913076566794 0.10721412593679379
0.65 0.49999999999999994; -20.175718074810955 -23.912992037345756 112.84788100056375 78.43822877972201 -52.63837088850663; 0.11400160277266773 0.12177703110325255 0.1259889502842378 0.11658961386365194 0.11069731871268727
0.65 0.49999999999999994; -20.171333573696185 -20.24335609868951 113.71143918549414 40.183011269307684 -52.45984228318369; 0.10762241633279886 0.11906626985184231 0.12164782511859602 0.11695656928253245 0.108954074807249
0.65 0.49999999999999994; -18.478233455578078 -12.762241275044751 113.62036547662372 40.19899195343198 -22.70645912403087; 0.10762102584162382 0.11965570409748025 0.12164318719627856 0.11701854711247607 0.11492466271046632
0.65 0.49999999999999994; 0.28427892856019393 -12.854088967076882 112.11633858247221 40.8801197539736 -9.169210464399884; 0.11083738260835939 0.12450272064350307 0.10286819286204113 0.12857247296909985 0.11191986787722907
0.65 0.49999999999999994; 34.69493445867336 -12.867736283036814 110.02859228493317 43.890862323532936 -9.783838382773865; 0.11057184209196831 0.11083045977859898 0.11960092865221834 0.1280689957178488 0.1265352058712429
0.65 0.49999999999999994; 39.58544633123229 -12.403230739997893 105.44831297945971 29.11743649163298 -9.781222161479915; 0.11052689153661903 0.10780768174724206 0.11983867271856333 0.12976041277808795 0.12673422187691802
0.65 0.49999999999999994; 36.89670604917911 -11.784456964917815 104.81558535229902 23.264201854587434 -10.298808970909878; 0.11188539646107352 0.11173303331008252 0.1159160582009216 0.1297720537723356 0.11823270756251386
0.65 0.49999999999999994; 36.86011892544687 14.42948428503583 94.64026818268114 24.138717067681 -8.857239212310862; 0.11169131673095833 0.10722492821591939 0.11583888653615067 0.1289357029132869 0.11840487801112871
0.65 0.49999999999999994; 52.04992713081119 14.600622339954757 94.46347779545079 22.556380903845838 -5.58494006171925; 0.1116009464477317 0.10969500094366003 0.11531909830836093 0.12800033471057673 0.11846518002586301
0.65 0.49999999999999994; 57.72175015032464 22.807226577362457 88.810870012512 22.404769506311872 -0.3484191108508408; 0.11057418788372009 0.11232150192057788 0.11529705841071254 0.12811922663465466 0.12160051636993148
0.65 0.49999999999999994; 58.4591219473832 22.80609649934387 88.91444702041251 -17.857761682125886 -0.3399944794484723; 0.11055436688233389 0.11271758410492334 0.11544649210224485 0.12812515026977533 0.12104631710721227
0.65 0.49999999999999994; 64.25086415852056 22.567175186670084 92.82560693502252 -19.086140615066974 0.39677200925639117; 0.11066138808667156 0.11247519669848671 0.11227719002110108 0.12989502558464483 0.13090535047201746
0.65 0.49999999999999994; 64.33315506305513 22.574922170802267 99.77442748427387 -19.088754712169212 1.1810091323894158; 0.11065677936273002 0.11245749466113884 0.11259252979327682 0.12983801403788714 0.13091003266042311
0.65 0.49999999999999994; 65.94498758857814 15.430117756508453 102.20309184059097 -39.601505052099064 0.8851828535760223; 0.11026411284271787 0.11248517537812099 0.11244498122290222 0.1411642237618673 0.13156793924232163
0.65 0.49999999999999994; 67.67195912021137 15.430425373658519 109.39144785075065 -40.10945715201012 2.490069287991202; 0.10955045777218518 0.11241215399806961 0.11659551826250944 0.14154493881663704 0.1314637133585044
0.65 0.49999999999999994; 69.80824785426778 12.246117480213115 108.73985790220131 -57.150328480651815 2.610107826233637; 0.12331038856078574 0.11218440572122391 0.11586190661002413 0.14156400194242957 0.13365519821286526
0.4000000000000001 0.9000000000000001; -43.74599741773599 -2.610107826233637 57.150328480651815 -108.73985790220131 -12.246117480213115; 0.13365519821286526 0.14156400194242957 0.11586190661002413 0.11218440572122391 0.12331038856078574
0.4000000000000001 0.9000000000000001; -43.7602423164694 -2.565756246897127 56.942107330577464 -90.6978490258299 -24.716289759679526; 0.13355809905608812 0.14066854912519713 0.11375301009814608 0.11139120533587826 0.12186864242180576
0.4000000000000001 0.9000000000000001; -43.7230994271478 -6.0539462341539725 57.06757601170413 -89.66759639134362 -28.94994847107781; 0.1337463812081223 0.13817985894875978 0.11336146693748832 0.11417569001291858 0.11680676955624096
0.4000000000000001 0.9000000000000001; -42.98849501345746 -6.082970260025501 54.453463190472526 -78.89474269590333 -37.38476003195438; 0.13374239505024832 0.1381780428970902 0.11407789146759802 0.11389054207784559 0.11794212455261915
0.4000000000000001 0.9000000000000001; -41.51578468819054 -6.147115627103648 54.41446764384645 -51.68590657152678 -37.43642577831117; 0.1337151400285088 0.13811856207928297 0.11309264891328147 0.11376819781488955 0.11794003838608728
0.4000000000000001 0.9000000000000001; -42.39653376712789 -9.971923623853675 53.039036935456366 -51.60243564020772 -38.448734358835175; 0.12882273162577523 0.12815856890385907 0.11499848436339206 0.11233599334992933 0.11678209777077024
0.4000000000000001 0.9000000000000001; -42.544103831902895 -12.124287018863503 56.625157247306646 -39.00502072639797 -40.3556993568262; 0.12613689617562968 0.12127254503011953 0.11302343483803716 0.11130878221135956 0.11610772962331656
0.4000000000000001 0.9000000000000001; -44.56652961714021 -10.09094081550194 56.40389041409847 -35.11993679214812 -44.8348084284093; 0.12597631392081934 0.12289724844041415 0.11493204486093707 0.11151495751368584 0.11473854659391403
0.4000000000000001 0.9000000000000001; -32.275515853284226 -23.631864147277795 53.81963700180063 -31.684655488765532 -45.35255665370756; 0.12458602298141053 0.12031933504741672 0.11098591269516052 0.10853084529834311 0.11629304359642256
0.4000000000000001 0.9000000000000001; -32.32974107715206 -29.243084194876243 83.41554829078557 -29.81557019522374 -45.955905790974725; 0.12442163612655721 0.11896644568795807 0.11459667003384519 0.10938541973576324 0.09545434122328471
0.4000000000000001 0.9000000000000001; -36.142119242734616 -26.34548693917734 113.44073002446102 -28.744468610125857 -46.23809127001554; 0.11391236228280506 0.11278954932085518 0.11095397009707267 0.10938835079472674 0.09574955057654704
0.4000000000000001 0.9000000000000001; -30.411523102823548 -46.53098955060136 113.53866659982573 -22.462551650322332 -50.80500041582946; 0.11406756447207474 0.12170034269937446 0.1116554336998088 0.10661533430702544 0.09363205560950599
0.4000000000000001 0.9000000000000001; -48.33514168637011 -48.1414641606824 113.25744029690252 -7.09262254827435 -49.90584106119923; 0.11330822424853484 0.11353182904282877 0.1118984836603117 0.10660967741064256 0.09474108528918197
0.4000000000000001 0.9000000000000001; -53.632514839465415 -52.39307824128513 113.35310186424931 0.2638682626910552 -45.01840847786123; 0.11340022550250047 0.11280540400737231 0.11297752131736707 0.10662909478324192 0.09472770053414518
0.4000000000000001 0.9000000000000001; -53.698551858073564 -51.314638370188455 116.96745280800828 34.474098963879015 -46.00244591307579; 0.11339401029720703 0.11355684364702273 0.1112674663727203 0.10812223787713106 0.09476765466433006
0.4000000000000001 0.9000000000000001; -53.04260701112757 -51.74477273274441 119.46654293378944 34.15413725625333 -24.64029165036598; 0.11371816315761793 0.11403202382283571 0.11092318467634092 0.1082247761839058 0.09617857236495841
0.4000000000000001 0.9000000000000001; -56.10595730062729 -56.421168920776836 125.09535743019781 30.402478024066667 2.0157513959992803; 0.12109454628121523 0.11802328103535198 0.10301770386541431 0.10798095233032405 0.11054125807817336
0.4000000000000001 0.9000000000000001; -56.13086537936934 -67.29070672474963 125.11889625291417 30.46806153311196 24.381082127029103; 0.12121833230019018 0.11347977971137127 0.10293807523900204 0.10358996666970564 0.11080318554053178
0.4000000000000001 0.9000000000000001; -55.054815129347375 -70.54478149951424 121.00262401752826 47.14946321977982 23.086753682731967; 0.13542169751026503 0.11261879491094919 0.09214776753716693 0.08572791321424003 0.1198802289281612
0.4000000000000001 0.9000000000000001; -79.69419443175737 -66.04715262173056 125.1302690041153 47.40965763232236 22.764047812540685; 0.1294944819874001 0.10903641163547838 0.0984040068412773 0.08457407651714599 0.11818888838892892
0.4000000000000001 0.9000000000000001; -81.30985155824096 -67.73181451511836 118.294877576629 62.53027325641181 23.536723278244903; 0.12785964811177325 0.10915441772973764 0.11569958684299546 0.08551543950182429 0.11799570667567111
0.4000000000000001 0.9000000000000001; -85.97881053008311 -76.02003881041632 117.65178714096434 62.90678502373792 21.065290861716576; 0.1255429047947816 0.10140208282627121 0.08908074941742636 0.09235406686852542 0.11609110432013958
0.4000000000000001 0.9000000000000001; -85.97980976181921 -77.7596695396164 109.75910366606618 88.82496820694377 20.664739042524857; 0.12704541084889825 0.10283868559566219 0.09530158483681156 0.09319292868987104 0.12045855192939195
0.4000000000000001 0.9000000000000001; -88.68275071077878 -76.21513323404385 106.95595423410525 95.06742283927599 17.63935677003816; 0.125703509310883 0.10257907785701627 0.09715792101798885 0.09367348278532717 0.12370726873238112
0.4000000000000001 0.9000000000000001; -90.06656201627716 -77.12568527213817 84.85382029511817 96.19489724905725 19.726580587986966; 0.12544465762012655 0.11394630951611638 0.09515492132114799 0.0939555841906535 0.12151512867108044
0.4000000000000001 0.9000000000000001; -94.87277053821515 -77.2319816339736 83.21726649796005 91.77339266297906 44.46829164916431; 0.12569034966521084 0.1140724514456408 0.09448511225913578 0.09393347381470973 0.12176153221832588
0.4000000000000001 0.9000000000000001; -96.35192820166657 -76.44053855002892 78.74877532713053 97.04659107216337 44.480513276045684; 0.12308948554571941 0.11465721044882479 0.09450287357304671 0.09416079829648752 0.12176164067433941
0.4000000000000001 0.9000000000000001; -109.58409847863061 -65.80286231811938 74.47498230985752 98.0087368987265 49.349205353241274; 0.12309590816782603 0.11512951245411793 0.09481476695218881 0.09542486162044968 0.12537511377659885
0.4000000000000001 0.9000000000000001; -123.74119900296914 -59.274532664782576 73.25261401959656 107.56311777949239 44.13715196886897; 0.11961679072494498 0.11531817319728317 0.1058638577579324 0.09842930987181635 0.12523805543558014
0.4 0.9; -120.29333986602127 -64.48905629610643 76.77987023063908 84.43392756223079 48.18904275069633; 0.0949585715884919 0.11416174225133408 0.10783923598222468 0.1038782681082901 0.11989288960051198
0.4 0.9; -117.31243972063717 -68.95907515652493 78.2849885705456 82.73627407570125 67.95167535527409; 0.10682227194672975 0.1154839299074445 0.10571533729684819 0.10446775188643599 0.11982669779329166
0.4 0.9; -118.46993908043393 -82.2368471172127 82.02257700559505 90.29719173883485 73.63932865502902; 0.10222727500833403 0.11730273782062825 0.1075814981751455 0.1056454830545482 0.11866491378663101
0.4 0.9; -106.48423099398855 -83.49873560809706 83.3989568290705 81.40186675933329 78.41165975411285; 0.10327947854393747 0.11530149859284498 0.09770643569905132 0.10367541899575144 0.11940074651479808
0.4 0.9; -106.83510310194316 -83.63492413366959 82.74463826241995 58.08460881358548 87.11210365147228; 0.09924904571342164 0.11408753484394532 0.10035747018307609 0.09624471459206468 0.12028602721826151
0.4 0.9; -108.19297063835914 -108.17157626845042 87.36051315052332 58.405817669031826 91.32342067128691; 0.09882880070821837 0.11464792187133635 0.10538333235823953 0.09628022630747887 0.12211271123539275
0.4 0.9; -93.93525910041288 -109.71809977292877 89.98266079051861 50.99951998062805 99.04492887044988; 0.09884502681632905 0.11510500675262683 0.10464528011708264 0.09613017690687055 0.11816653499264457
0.4 0.9; -93.02237482279341 -108.94370871964547 88.48220691849708 49.30985400621793 101.0126668066711; 0.10243718833442308 0.11556484409793838 0.10844172407466815 0.09573470013446377 0.11817069661995826
0.4 0.9; -92.8434236640217 -109.45150505267624 88.45304081813724 32.52502459759356 116.51631628021273; 0.10082261166827222 0.1194860842697053 0.10688481546966354 0.09481251718865162 0.11184308527604264
0.4 0.9; -91.63677475847325 -111.52511751888113 87.60710666654803 16.332107337479485 116.51361623956383; 0.10051406531241437 0.1195673820270421 0.10663391707697782 0.09596999507679992 0.11052351853665006
0.4 0.9; -91.7759715319399 -114.74100338973072 76.67780439901843 11.712661914461348 137.0452309199536; 0.09698714016321332 0.11992810079744308 0.11792167497649968 0.09539547680662414 0.11773386245831358
0.4 0.9; -87.26041133882123 -115.63415181902829 76.60325031594276 -9.048777929695747 137.42490139447847; 0.09733062125499513 0.11917385917418204 0.12379054991902286 0.10976168692527907 0.126176498276874
0.4 0.9; -89.79258757123698 -128.92904004492962 70.41821174493123 -8.926155868140153 138.1716238660389; 0.1073087620763599 0.11952014154153438 0.1236599977367893 0.10977594352948132 0.11250499895713252
0.4 0.9; -73.0098720472834 -130.73653298321014 69.67560381303241 -9.106878746804203 138.14996360967393; 0.10730935910598265 0.12133887281249439 0.12419039931604378 0.11086567474457354 0.11245146474120131
0.4 0.9; -72.45237035158144 -131.61708844146838 54.49132300185417 -9.987332608356219 138.08191012150908; 0.11106108335559499 0.13382684602720332 0.12134099409921177 0.10912781714517857 0.11505039714813436
0.4 0.9; -70.05547825229671 -133.28464156622897 53.97394382536452 -10.497282032619259 138.0204483027047; 0.11123515818471008 0.1337463551317757 0.11856867108296379 0.109321171104211 0.11301382327849227
0.4 0.9; -67.66798565451867 -136.30964292613578 51.64028291633754 -12.313897989118244 127.38444366681098; 0.10372844591948853 0.12863753422528892 0.13294875380558058 0.10920131680216787 0.113550915114528
0.4 0.9; -67.6535855630783 -135.9253215231783 40.72982052181013 -12.839385162856436 127.81164443878401; 0.10609592497518702 0.13101064478114485 0.12843110049574272 0.10925049903329122 0.11311429731714685
0.4 0.9; -66.88744177522041 -122.17334170360158 33.645349300049766 -16.738965704591948 112.04434879442582; 0.12520041874366375 0.11327662802620815 0.10090239184395235 0.11057109950298141 0.10978211947158524
0.4 0.9; -68.50558874071976 -120.91062046425185 18.052421784917133 -24.18554863007427 110.91192342342624; 0.12368271800661672 0.11744515153879931 0.1026078938805125 0.10931102963108702 0.10670953665902753
0.4 0.9; -68.93713800949364 -120.0967566477219 4.097792358736591 -30.823247429211662 104.1081571920279; 0.12413801048680202 0.11771094199960334 0.10415719359935405 0.10825025319303179 0.11170455911146973
0.4 0.9; -76.42087003407164 -114.77323051223935 4.100917792451012 -33.83140160526587 83.7572824042496; 0.12507551450452364 0.11762053081052506 0.10398207616380231 0.10794094377426774 0.11171787524939114
0.4 0.9; -81.67154686094568 -98.57333774470318 9.324425994759387 -35.62375830446493 82.24832610651603; 0.12785779107034542 0.113020904004602 0.10239667475913791 0.10808537896669107 0.11742275496195924
0.4 0.9; -84.99625580070335 -98.37262198962242 7.992903982086932 -37.45631248877994 77.14935889512934; 0.1167691396008473 0.10889418025832782 0.0994007976885357 0.10519696333289916 0.11738978849818005
0.4 0.9; -86.78147734712681 -98.35901021125218 0.7334444666035392 -31.129379221192956 56.719517239271276; 0.11673066405011448 0.1071122684228745 0.09904181593802384 0.10188536367257826 0.11751716259925533
0.4 0.9; -87.9114652479761 -80.23851919835269 0.750502792818422 -28.44028588240896 51.209836067184796; 0.11325976430617629 0.11991885469673658 0.09758633051936401 0.09854847258180205 0.10249806835928874
0.4 0.9; -88.76225135866834 -64.01837883341594 -5.419738175284339 -28.472957422000473 37.55910073812116; 0.11325891777870126 0.11828452694851503 0.09760426289658596 0.09859078870125644 0.10314360780585384
0.4 0.9; -90.0 -59.999999999999986 -29.999999999999993 -29.999999999999993 29.999999999999993; 0.1 0.1 0.1 0.1 0.1
