0.65 0.255; 109.99999999999997 90.0 -119.99999999999997; 0.19 0.19 0.19
0.65 0.255; 105.89673143508396 85.02599979487428 -111.76571926436792; 0.18966809064303294 0.18815216680205124 0.1630516243344195
0.65 0.255; 106.26701026561427 63.88022634500594 -108.22412226442282; 0.1881161241911515 0.18541120246229187 0.1629318146111588
0.65 0.255; 107.3823357369491 65.2999290301733 -95.66356245612283; 0.1802489320917335 0.18520340606767166 0.15678387789460108
0.65 0.255; 107.39455545212238 64.76158389992636 -75.01700656826023; 0.17597462546253145 0.17816244881400728 0.15726945005812043
0.65 0.255; 110.56215061012102 61.345237290154444 -57.075937089793776; 0.17604062807742066 0.17729241255089098 0.15630676126029738
0.65 0.255; 110.61582247627088 60.729110615841165 -49.195169012361575; 0.17446874813480232 0.1773250761654687 0.1534458994213101
0.65 0.255; 110.18315875771385 59.17674888985762 -46.95517769819172; 0.17136425066918337 0.17733594333632746 0.15531176099696686
0.65 0.255; 110.53799163692211 58.101076493718196 -30.36671180771058; 0.1656310924726024 0.17729171287503157 0.14907345086473278
0.65 0.255; 107.52820546338349 64.75703312033605 -20.751203419480614; 0.16147140227091766 0.17417885170796055 0.18672783849988858
0.65 0.255; 98.34776870446154 48.817255566872426 -20.04050403267685; 0.16353232238179047 0.1741045672759777 0.18671011464825776
0.65 0.255; 96.40436125148491 48.245462085011596 -13.77965068720451; 0.16419078755883043 0.1550428116560844 0.1657705083211386
0.65 0.255; 95.82509013269933 46.843820706128966 0.18748331471889834; 0.1643809942885895 0.15802853630741973 0.13917576865973735
0.65 0.255; 92.18798025393657 50.178534983652426 8.671216925319175; 0.16847369717180463 0.16380844237103998 0.14925917644516995
0.65 0.255; 90.97990723554058 50.25576001046861 8.695139458316692; 0.168489010671853 0.16366831439752347 0.1492479863488833
0.65 0.255; 85.87823286278223 55.2842096485036 17.17176612431189; 0.16904173542393935 0.16249858971085016 0.16307301786293868
0.65 0.255; 82.31264136866298 57.335077876051514 26.27804295619515; 0.16076796901416615 0.17245568816669496 0.1796969432666328
0.65 0.255; 79.56457788222347 45.6734497265902 27.00070428427664; 0.15369826588236335 0.17602107650026133 0.15663252161601662
0.65 0.255; 72.85367490250628 44.76293589657179 44.11290705405215; 0.15240447577242178 0.14356277744536206 0.16273677573436973
0.65 0.255; 71.33761455034193 27.505869472411195 44.10754556648385; 0.15219862988953933 0.1436772325600941 0.16371875647307285
0.65 0.255; 67.73305080889882 20.661735489356126 42.58847551079581; 0.15605173295033445 0.1418987650055863 0.147264066949957
0.65 0.255; 63.97117647592071 19.254143909674994 27.835411105119974; 0.1492944654878478 0.15917869548272837 0.1399492712031069
0.65 0.255; 54.51683660593849 19.28146209614812 27.85698319837939; 0.14974425820050968 0.16448345823542748 0.1399629889627538
0.65 0.255; 47.71745476604636 19.27581801562535 27.533348966386043; 0.14390548431267214 0.16449682339831562 0.14384829398674104
0.65 0.255; 47.78402053541841 11.829639593030144 27.722237104476996; 0.14349546696523435 0.16435914403806615 0.14447925515325138
0.65 0.255; 47.522191082104165 8.718551129764252 26.356380787208504; 0.1777566674227442 0.15840812510646454 0.1644036207147511
0.65 0.255; 47.74995516731323 1.6204105008071568 31.656673037314967; 0.17778806202668027 0.15840969422711063 0.16457881788636816
0.65 0.255; 47.36862217446503 -2.5840291651814913 35.62427685236055; 0.17784301797378962 0.15743473143565795 0.16456958931383842
0.65 0.255; 46.56674969720995 -4.7165596086853885 52.87711473056807; 0.17789414683965166 0.15625645513875389 0.16388548038727666
0.65 0.255; 49.576846268302354 -4.965298509045796 63.55633075429939; 0.1774557520093256 0.15236756055854586 0.16419320863821493
0.65 0.255; 49.16945850071748 -7.556149920849257 63.74310662777892; 0.177709141164652 0.15222698158644424 0.14033543130226575
0.65 0.255; 49.17880581922911 -30.600906001835053 63.71862639900854; 0.1807933555805109 0.15292101554570636 0.14221955931410182
0.65 0.255; 66.4319228940434 -33.144501444076916 67.0431082460456; 0.1948407944558013 0.15180965795024923 0.14244798204709858
0.65 0.255; 67.13135855783634 -38.49747488882472 67.06563635064775; 0.18911499874676346 0.16071772329984432 0.16833327476350865
0.65 0.255; 68.77926494247212 -48.10505169856543 80.9863903466522; 0.1890821718317763 0.16060720569612622 0.1724561053681704
0.65 0.255; 67.6244182213499 -57.29664154188059 81.65624627471715; 0.18908371876958052 0.17901694496971496 0.1740596945899121
0.65 0.255; 67.92429659683026 -76.19317707088241 83.4434016616401; 0.19003519253718265 0.17892564862851673 0.17348878503582874
0.65 0.255; 66.12187844299397 -90.69524946678824 83.65738906611175; 0.19004392585624116 0.17923658956420435 0.1736845281099621
0.65 0.255; 64.45335870264921 -83.98057847452466 88.82283747270341; 0.1926230426748733 0.18157854663055328 0.19419229921682987
0.65 0.255; 64.41216016130787 -84.27425002782768 105.69090045494507; 0.19316930367346183 0.18308358965044433 0.1942010370303302
0.65 0.255; 60.36479634132048 -90.53091035816233 109.54975777533068; 0.193706138606741 0.1838485972266034 0.1945172773369989
0.65 0.255; 59.999999999999986 -90.0 119.99999999999997; 0.2 0.2 0.2
