0.5 0.3; 29.999999999999993 29.999999999999993 29.999999999999993; 0.2 0.2 0.2
0.5 0.3; 31.721557300895824 29.99222089509591 25.276172398111132; 0.2 0.2 0.2
0.5 0.3; 32.09568520824957 30.269045162744344 20.5981853764425; 0.2 0.2 0.2
0.5 0.3; 38.89839644866277 30.40608137041904 20.545893727137052; 0.2 0.2 0.2
0.5 0.3; 40.86829105198318 30.26323925404786 20.54206318998426; 0.2 0.2 0.2
0.5 0.3; 44.76088200190898 30.23642557160327 19.96507575689326; 0.2 0.2 0.2
0.5 0.3; 45.181979573988876 29.20909284129273 18.836434748035416; 0.2 0.2 0.2
0.5 0.3; 45.47295335026886 32.37724340935946 17.048248408732015; 0.2 0.2 0.2
0.5 0.3; 48.633647205859724 32.37733752298693 16.99993744157164; 0.2 0.2 0.2
0.5 0.3; 51.51143781233276 30.631565800012638 16.966374626730286; 0.2 0.2 0.2
0.5 0.3; 52.71851986881411 25.200785475334698 16.966287417919197; 0.2 0.2 0.2
0.5 0.3; 56.08661758807434 23.953181762107484 17.16557665497856; 0.2 0.2 0.2
0.5 0.3; 61.09334033929882 23.950947486722995 16.692037565446764; 0.2 0.2 0.2
0.5 0.3; 61.70828921364555 18.99367434570646 17.136893425916202; 0.2 0.2 0.2
0.5 0.3; 64.46504328488771 17.497920991543392 17.198919032300136; 0.2 0.2 0.2
0.5 0.3; 68.19781983123856 15.567353544250604 18.142734569259915; 0.2 0.2 0.2
0.5 0.3; 67.68464396514266 14.930947202629287 14.15667035629235; 0.2 0.2 0.2
0.5 0.3; 68.10287484331482 10.09160495680114 13.193917489771717; 0.2 0.2 0.2
0.5 0.3; 68.11384813820689 10.078183255888804 17.687118111549406; 0.2 0.2 0.2
0.5 0.3; 67.92378632824474 9.641668253776448 19.39261062188353; 0.2 0.2 0.2
0.5 0.3; 71.65776386677449 9.61731520191686 19.499700419912774; 0.2 0.2 0.2
0.5 0.3; 71.80171980857718 7.585765667244478 20.075930215279495; 0.2 0.2 0.2
0.5 0.3; 74.01277705140305 5.146171200285823 21.604591899548943; 0.2 0.2 0.2
0.5 0.3; 74.07796366464639 5.1454531924805496 27.48876629370634; 0.2 0.2 0.2
0.5 0.3; 74.20638440246614 3.6710633142174602 28.210006499302583; 0.2 0.2 0.2
0.5 0.3; 74.51249426967209 3.593733221906952 30.99880988887046; 0.2 0.2 0.2
0.5 0.3; 74.51697717026326 3.623797913457625 35.05511903225728; 0.2 0.2 0.2
0.5 0.3; 74.7966121091828 2.224587835753524 35.103326554920464; 0.2 0.2 0.2
0.5 0.3; 76.01981946159724 2.064490864421067 36.44365546845377; 0.2 0.2 0.2
0.5 0.3; 76.02315274314154 0.34134544249475096 36.50868250285719; 0.2 0.2 0.2
0.5 0.3; 76.08767242917835 0.17026427550849124 38.08315864040689; 0.2 0.2 0.2
0.5 0.3; 74.0077997193599 0.051056615848944956 42.51009906732095; 0.2 0.2 0.2
0.5 0.3; 74.20128424080866 -0.1351980051371413 47.85265818898988; 0.2 0.2 0.2
0.5 0.3; 73.45363121674166 -1.401449933070466 51.9426428523031; 0.2 0.2 0.2
0.5 0.3; 74.44073590958483 -1.5385610247839918 56.34877471896224; 0.2 0.2 0.2
0.5 0.3; 74.49685513025497 -1.1426639524423157 56.73613025906009; 0.2 0.2 0.2
0.5 0.3; 75.11739565899155 2.758673635553424 55.96093683533749; 0.2 0.2 0.2
0.5 0.3; 76.12694223717007 5.2598536142847045 53.346488943231805; 0.2 0.2 0.2
0.5 0.3; 81.66165341952734 5.411364474665567 53.3462463479963; 0.2 0.2 0.2
0.5 0.3; 82.12565744267074 5.474064068495768 51.16224662222098; 0.2 0.2 0.2
0.5 0.3; 82.16660915403433 7.392237008773384 47.91754785611878; 0.2 0.2 0.2
0.5 0.3; 82.96769571374358 7.5505014844938785 45.19166369259326; 0.2 0.2 0.2
0.5 0.3; 83.095289411045 8.727509514142683 42.21972812999203; 0.2 0.2 0.2
0.5 0.3; 83.5361496529482 8.85122855990994 36.32788345658599; 0.2 0.2 0.2
0.5 0.3; 90.10321770002362 8.912727444980185 36.21765471321518; 0.2 0.2 0.2
0.5 0.3; 90.28171210560046 8.979465000764119 29.528988730630115; 0.2 0.2 0.2
0.5 0.3; 92.16110260214109 9.483909280779374 29.31551931106967; 0.2 0.2 0.2
0.5 0.3; 94.15938500233705 9.786755213214459 28.818267140367578; 0.2 0.2 0.2
0.5 0.3; 94.16396088276466 13.669303473377964 28.47848953655425; 0.2 0.2 0.2
0.5 0.3; 94.47465625160616 14.053927149751656 26.858750342591694; 0.2 0.2 0.2
0.5 0.3; 95.06643152584834 14.34505734959967 22.390569459053676; 0.2 0.2 0.2
0.5 0.3; 95.3715172232451 17.097221007702014 22.36948679435642; 0.2 0.2 0.2
0.5 0.3; 99.73399228809176 17.094487636825935 22.275073383419706; 0.2 0.2 0.2
0.5 0.3; 100.59573538239081 17.404542422911366 19.593775634145626; 0.2 0.2 0.2
0.5 0.3; 101.4521479602796 18.602315970987146 17.908447794410296; 0.2 0.2 0.2
0.5 0.3; 103.85414203585951 18.18074901241844 17.686165523602295; 0.2 0.2 0.2
0.5 0.3; 105.60509915865124 17.3579450309351 15.753796738620553; 0.2 0.2 0.2
0.5 0.3; 107.90666555849383 14.680053561447119 15.806178077459213; 0.2 0.2 0.2
0.5 0.3; 107.99287205582968 14.673617833678982 11.909704582769571; 0.2 0.2 0.2
0.5 0.3; 114.50843589406628 14.673603761498224 11.57657159348702; 0.2 0.2 0.2
0.5 0.3; 114.89915506826449 14.673135545687368 7.9268241335962495; 0.2 0.2 0.2
0.5 0.3; 119.53253307658406 14.634713842950031 7.802943207103022; 0.2 0.2 0.2
0.5 0.3; 119.09285969606282 13.243966821700779 4.570338405108862; 0.2 0.2 0.2
0.5 0.3; 119.19031421585832 9.738179033251026 1.8976255076759727; 0.2 0.2 0.2
0.5 0.3; 121.62106576901928 8.751398980383051 0.9757125317739915; 0.2 0.2 0.2
0.5 0.3; 123.43211973095218 8.529772572707055 0.5177441465660957; 0.2 0.2 0.2
0.5 0.3; 124.83675652034512 4.971542605703293 -0.23345870051428835; 0.2 0.2 0.2
0.5 0.3; 125.71489674197251 0.45544537060991147 -0.7485704640392372; 0.2 0.2 0.2
0.5 0.3; 130.40517400050413 0.4567411693307322 -1.727603353323425; 0.2 0.2 0.2
0.5 0.3; 130.6695008002869 -1.7149041511342815 -5.780861666323373; 0.2 0.2 0.2
0.5 0.3; 131.48479342543473 -1.8713986905158424 -10.470106882806995; 0.2 0.2 0.2
0.5 0.3; 136.88813243348912 -1.8986145109041515 -10.476542862000443; 0.2 0.2 0.2
0.5 0.3; 138.486297206098 -1.9205377420058698 -15.059335420177579; 0.2 0.2 0.2
0.5 0.3; 140.8933219521388 -4.812302748336019 -15.0678319126248; 0.2 0.2 0.2
0.5 0.3; 142.91190201723836 -4.999812896723184 -15.94287093020487; 0.2 0.2 0.2
0.5 0.3; 144.11590096052342 -5.050780059476446 -18.916373740700223; 0.2 0.2 0.2
0.5 0.3; 144.63073523291462 -5.422481972916367 -21.725721865112423; 0.2 0.2 0.2
0.5 0.3; 145.04178712691035 -8.220058579719852 -23.77257611585232; 0.2 0.2 0.2
0.5 0.3; 145.56705216807197 -9.591687103654829 -24.683921845415583; 0.2 0.2 0.2
0.5 0.3; 144.12115477906744 -10.771263281017449 -26.66807257198287; 0.2 0.2 0.2
0.5 0.3; 144.23332061365747 -12.320145607285452 -28.859197893330986; 0.2 0.2 0.2
0.5 0.3; 144.52829860118433 -14.468112860530194 -29.242605545332697; 0.2 0.2 0.2
0.5 0.3; 144.5833711413571 -16.18363029219813 -29.34005723633206; 0.2 0.2 0.2
0.5 0.3; 144.5834262675948 -22.889849121814777 -29.265948134948435; 0.2 0.2 0.2
0.5 0.3; 144.5979548465878 -27.92579451418496 -29.132193188027767; 0.2 0.2 0.2
0.5 0.3; 146.28494817845984 -31.14718215820336 -28.7012394095353; 0.2 0.2 0.2
0.5 0.3; 148.01808669881572 -30.49779636797679 -29.389015684708745; 0.2 0.2 0.2
0.5 0.3; 149.3462788946481 -30.101953100052793 -29.722730117915134; 0.2 0.2 0.2
0.5 0.3; 150.00000000000003 -29.999999999999993 -29.999999999999993; 0.2 0.2 0.2
