0.35 0.305; 119.99999999999997 90.0 -119.99999999999997; 0.2 0.2 0.2
0.35 0.305; 119.88835602655966 88.72024204163792 -119.54010096193132; 0.17958184613970624 0.18871953156920945 0.18223903302031208
0.35 0.305; 119.73568738064345 89.3830530861527 -119.75285463542798; 0.1499683813030293 0.1864949270916932 0.18196629146549215
0.35 0.305; 121.60239700591893 88.56999138382693 -121.4540754625251; 0.14624426678318858 0.1767355714734855 0.1801519443990943
0.35 0.305; 121.51781344411346 88.48357388737939 -122.84331928178891; 0.12247542099925883 0.16570611677493768 0.17595345491952658
0.35 0.305; 127.03317032366357 87.77521219328615 -122.96437346787278; 0.12248325030186964 0.16332376843458526 0.17587451341555874
0.35 0.305; 127.83403540966347 85.99107387019848 -122.96949491254207; 0.12253735954055038 0.16332385288534992 0.17639741865310868
0.35 0.305; 130.98838179777198 85.1649052909895 -123.41912680360649; 0.12273511755961833 0.1641856535349333 0.1655774065736944
0.35 0.305; 131.10348331796553 84.70913032071833 -123.37207092180495; 0.12278011442993908 0.16278040971912 0.16569289726540948
0.35 0.305; 134.26842525123715 82.73730426841685 -123.12634023447681; 0.12297198619044564 0.16306068552436612 0.16546791685475812
0.35 0.305; 134.26705748165205 77.16200983826839 -122.52083211911676; 0.12299910394180791 0.16267987483409055 0.16551213662810832
0.35 0.305; 134.45966292447918 74.02473568216384 -123.8809682239723; 0.13107781213304665 0.16269582905722338 0.16586809707353445
0.35 0.305; 134.26005439763523 68.35185092097669 -124.50162643383138; 0.1311063690287578 0.15937425295031593 0.1664296296645297
0.35 0.305; 134.25972617478087 62.48082406148382 -124.50167177607112; 0.13114698132891225 0.15921730700630463 0.1662574259320529
0.35 0.305; 134.2794568143555 59.74589607266102 -124.4993814629389; 0.13291514511978292 0.15888601725276882 0.13091002094673687
0.35 0.305; 134.29767710787428 54.729744937820705 -124.63641935037363; 0.13291459820999155 0.1589330953584502 0.1294444430270402
0.35 0.305; 130.57184871697885 55.02425871019911 -124.18065726929038; 0.13321939701349653 0.1608345563462489 0.1386345343637575
0.35 0.305; 130.56935058180517 48.40841972514461 -124.20694601552628; 0.13315544150735434 0.1608333959622604 0.1386109475199462
0.35 0.305; 130.04175187837373 47.88668043150863 -123.10842463008025; 0.13001700989989692 0.1495819557220178 0.1379217505737268
0.35 0.305; 129.93514423400424 47.785002984606926 -125.28017663478745; 0.13001937942855746 0.149396967429774 0.1378923051734073
0.35 0.305; 128.7762329772853 44.294643492338196 -127.36165653488548; 0.12876174100786797 0.14669408277898727 0.13762947086394517
0.35 0.305; 128.73580211012919 38.64789543055554 -127.28859388154979; 0.1287617577707547 0.14666528160924755 0.13792980184291728
0.35 0.305; 128.71508282738316 35.6005559644623 -127.27479825700263; 0.12880333905548932 0.14900650138370772 0.13793619971907345
0.35 0.305; 128.7115446929885 30.693710175354067 -126.60932073456267; 0.1288400817475768 0.1485283269660632 0.13832900505110232
0.35 0.305; 127.28391438723108 29.63642773194449 -127.35439139149351; 0.14035298678776195 0.17136708101595877 0.1379956726880508
0.35 0.305; 127.20839411515516 28.725433393068958 -127.32090647566223; 0.140280474371424 0.1714728824353769 0.13759404912659726
0.35 0.305; 127.20909031781353 23.576119243110334 -126.82542698943894; 0.14022376551637705 0.17147288059103238 0.13759374571752875
0.35 0.305; 127.58621429100263 21.332049352438723 -126.49565326741855; 0.14021927960650205 0.17061220258642143 0.13755318465471836
0.35 0.305; 126.07819775826292 16.23401130981533 -126.50759480456759; 0.14027224442017655 0.17007716620666982 0.1379857511921889
0.35 0.305; 126.64332725348798 16.20730840927383 -130.54977502016098; 0.1396289113851868 0.17139977512798046 0.1379971530783167
0.35 0.305; 126.48809764062524 13.91203313554763 -134.20994882586737; 0.14009443187294182 0.17119213176542752 0.13805363766881792
0.35 0.305; 126.49783834754183 8.203606666592567 -134.2804624678923; 0.14114245324037095 0.1701150034966385 0.138081033828307
0.35 0.305; 126.5674746284855 3.555986911929059 -134.32757906164042; 0.14110883023280038 0.17012606838941702 0.13777563366497148
0.35 0.305; 123.092227113465 1.0870938281069922 -134.3217022029002; 0.141456478814038 0.17033811270484497 0.13779108766764978
0.35 0.305; 122.78140879648241 -2.4125917087485904 -133.55654208352692; 0.1419852946719337 0.17030217455146104 0.16047620008122676
0.35 0.305; 125.20379600206812 -5.420382399636902 -133.55964915743218; 0.14410576448538814 0.17058873020810328 0.16009779977532043
0.35 0.305; 129.75331993389273 -5.948475316415154 -133.69878072613588; 0.14414286699954834 0.17054838788366863 0.15980674846871448
0.35 0.305; 130.83076152218354 -6.1843240131254325 -133.7006710940334; 0.1443738751817852 0.17056848083460177 0.15903905479805175
0.35 0.305; 133.0091734293879 -9.241753463410985 -133.45883725788946; 0.14756022378644468 0.17049316324211664 0.15804829490458291
0.35 0.305; 135.02966943353084 -10.367036465978767 -133.46566634559002; 0.1482439626407943 0.1621428278989864 0.16231055542770123
0.35 0.305; 135.6834896002975 -11.220430627916617 -131.14993864464464; 0.15854208132626657 0.1371908542062624 0.149997977639653
0.35 0.305; 135.59653360199016 -13.431889845961942 -131.0260737197834; 0.1579964630094413 0.13722980914889255 0.14807822101305013
0.35 0.305; 135.51555201931396 -15.898917964056654 -130.81080087589785; 0.1550087012657942 0.13810725288700407 0.147003504109363
0.35 0.305; 136.43488368142536 -17.338353987229127 -130.56080915616587; 0.15601534666929442 0.1362438868486318 0.1472386542245521
0.35 0.305; 139.00984286297617 -17.67227508872583 -127.51294262207959; 0.15607402404185483 0.1400256852106185 0.14690034429530108
0.35 0.305; 138.22779262869108 -18.34655956179479 -126.61798813137334; 0.15613650859860978 0.14060262218063807 0.1471281185875
0.35 0.305; 138.24454369079228 -19.680029314137418 -126.30142919093832; 0.15606591485749488 0.14056237963118023 0.14715379038709564
0.35 0.305; 138.17643626291957 -20.26866398388578 -121.02033832861325; 0.15605272014922855 0.14051189213727625 0.14891576590800082
0.35 0.305; 138.0272409215222 -23.119836042824744 -120.6113114011511; 0.15604419125678765 0.14581335309826043 0.14889536560722016
0.35 0.305; 139.06720171507413 -24.37909601562879 -119.84832828528643; 0.15613249133207838 0.14630412747146154 0.149170084929613
0.35 0.305; 139.38542995950263 -24.541472758852073 -120.00165991008416; 0.15612234908766517 0.1457104394864099 0.1491477085201976
0.35 0.305; 140.15029350402602 -25.426254849999744 -119.36144438600073; 0.14545947868427123 0.14547975171648933 0.15138752226962215
0.35 0.305; 139.66140730309368 -25.81633742443247 -116.14028098681797; 0.14848704895598272 0.14849596313248697 0.13336291002686687
0.35 0.305; 139.67397972911652 -26.577744046219706 -112.46367712094309; 0.15131107392376522 0.14859269450014811 0.13348999210170567
0.35 0.305; 141.38429282274893 -30.171311546341563 -111.58658304557254; 0.1511602331359835 0.14861518573277804 0.13348266442717324
0.35 0.305; 141.39929097427503 -33.25643233615082 -111.7007969424342; 0.1505111043306433 0.1490573210584953 0.1341136973393686
0.35 0.305; 141.4434992625424 -34.661265350044516 -111.56519981111218; 0.1559203884652387 0.15605777576304386 0.13223948257983992
0.35 0.305; 141.2854067958312 -38.79330027894243 -111.04626605681031; 0.15777497088949746 0.15928679279670355 0.1312263039384166
0.35 0.305; 141.3156921909049 -40.29076275103193 -111.01486159149341; 0.1572515114350033 0.15937852264230112 0.1312262976322213
0.35 0.305; 140.97400805186248 -46.17127774354487 -110.8003926993396; 0.1559765924552283 0.15830344144534242 0.13294862418633013
0.35 0.305; 141.31306445407412 -47.60779394010242 -110.59262278468292; 0.13712145097318645 0.16107747309120543 0.1330278839727856
0.35 0.305; 141.3248060360202 -53.09630891033236 -109.67199897294248; 0.13637558519171358 0.16013354782649283 0.13298336497056285
0.35 0.305; 140.2299078255045 -55.38441093648303 -109.36233997224848; 0.13638355681633188 0.15995672251875745 0.1330631811245129
0.35 0.305; 140.22989495109042 -62.33637721341749 -109.368881924619; 0.13641035637327217 0.15995712737169523 0.13309641979292672
0.35 0.305; 137.32191826922548 -63.53893286947232 -110.7393373432106; 0.13954862392482262 0.1595639499060592 0.1330096652000453
0.35 0.305; 136.17208400736985 -67.44189673923962 -110.76004007852976; 0.1396660099441441 0.15953846205178812 0.1330210807458351
0.35 0.305; 136.16996319396458 -68.6464337503659 -110.50318958344366; 0.1396298029572995 0.16791638916965854 0.1327071326408304
0.35 0.305; 135.40046373969233 -72.079148626766 -110.3283195200063; 0.13845075870774026 0.16758808737228562 0.13270417260690132
0.35 0.305; 134.1357169181203 -72.12581627835196 -108.4995567940072; 0.13741841808611688 0.1702505769754964 0.13720466404127177
0.35 0.305; 133.5148487711272 -73.21795303619277 -104.6757871008818; 0.14276544809946146 0.16942929149505606 0.13668562109444884
0.35 0.305; 133.06278672251693 -76.62034859191188 -104.56672835259289; 0.1427353945114267 0.167764840453455 0.13632142416551743
0.35 0.305; 132.90466892004503 -76.86350351518415 -104.15445867162303; 0.14353261300975556 0.16811968366281035 0.13576026242066022
0.35 0.305; 132.85162818524472 -80.36207281547186 -103.89732288076041; 0.14328392999861117 0.16857378254359065 0.13580424927976467
0.35 0.305; 132.8389483605403 -81.15993497331999 -103.72836495433744; 0.1433086950269373 0.16846130892419817 0.1357826407910023
0.35 0.305; 131.34886544226922 -82.11003367756108 -102.32494540444141; 0.1433131439379216 0.1689208632917044 0.1367272632205498
0.35 0.305; 131.76854150345378 -82.12524439825349 -97.95022198036501; 0.1426549603124212 0.16833629183268373 0.14700453422302664
0.35 0.305; 134.66368052266287 -82.18126377740492 -96.2297213940191; 0.14296779492532796 0.17164726840445976 0.14631979105425286
0.35 0.305; 134.48549295361855 -86.30192103632821 -96.11084664515121; 0.14296807347540647 0.17165927486439142 0.14633796123736773
0.35 0.305; 133.662770704756 -86.54885970826103 -95.6420584368872; 0.14232530028780557 0.1595252358957613 0.1474890075269467
0.35 0.305; 133.70677722758776 -88.14488578989861 -94.57366534159044; 0.142327663207309 0.15935603938405532 0.14753294816254028
0.35 0.305; 133.70425812823063 -87.94565257892883 -91.61084016831965; 0.13747273958306916 0.15892704677103447 0.14733889069513287
0.35 0.305; 133.1815661600794 -88.036521938635 -87.96105994424605; 0.14911214465607436 0.1507105593081073 0.14827696696247403
0.35 0.305; 132.75980739741786 -87.50303016059661 -85.26535318149509; 0.14904030983850336 0.1495664240411983 0.1490875360214798
0.35 0.305; 128.5476071814662 -87.56333798457896 -84.2932142307223; 0.14966267127747493 0.14954606880450064 0.14909004699085932
0.35 0.305; 125.35591571845366 -87.53705663982603 -82.09614398552675; 0.14993483294382717 0.15403418122830667 0.16047242734191772
0.35 0.305; 125.30637064320722 -89.23117236274817 -78.49291004448075; 0.1500909926924428 0.1541777967696376 0.16044240223577755
0.35 0.305; 124.61221483398792 -88.84035003614106 -76.96852704705252; 0.15008974484696266 0.15417773144583707 0.160448475610092
0.35 0.305; 124.44135540802183 -89.82435797520387 -75.36426411394443; 0.147454885339774 0.1515698700043728 0.1607786944627525
0.35 0.305; 122.46536107894781 -88.62388121500925 -72.52805984060453; 0.14633636979103784 0.1514703381052149 0.16125480912803544
0.35 0.305; 118.90929844585055 -89.30892909021254 -71.97356600349367; 0.1487090019893375 0.15598560868610087 0.16383633783096954
0.35 0.305; 118.842409009726 -89.30915266239376 -68.75841514275878; 0.14938359113090913 0.15846117716412791 0.16416066325002993
0.35 0.305; 118.71356217166016 -90.55120715117795 -66.2169647057941; 0.16457996056910507 0.15815319483398504 0.1535114096434599
0.35 0.305; 118.3750185476582 -90.31104975883467 -65.52918670307737; 0.16458220251507327 0.1581586729688134 0.15500740055154408
0.35 0.305; 118.30963389401832 -90.36370364790591 -62.537114791981395; 0.15408820650868832 0.14200547270825525 0.1540165438578176
0.35 0.305; 117.7212545976753 -90.3552857701021 -60.344838876883465; 0.14593338312035467 0.15616710060261021 0.15061834337750418
0.35 0.305; 116.49171044584473 -90.3116636471349 -60.13075796848489; 0.15128924785968764 0.15564793119931147 0.15473901588633254
0.35 0.305; 115.1086998198104 -90.15582331657002 -60.02998504034068; 0.1489647172829204 0.1532260207663483 0.14777651339625347
0.35 0.305; 113.45008625431623 -91.0590318154068 -59.976490569657244; 0.14872792743902838 0.15905539168207825 0.15101637700389922
0.35 0.305; 113.44085162332195 -90.99585528977704 -56.99141784573244; 0.14848623264883393 0.15891559121942414 0.15099105331985124
0.35 0.305; 113.4406538119569 -90.99559230892577 -54.08755735171788; 0.1484864281559367 0.15899417002615532 0.1509914064494205
0.35 0.305; 111.21276533158078 -90.97768398089508 -52.13619379592099; 0.1473965388057261 0.15432059003789123 0.15258278292395416
0.35 0.305; 111.48416719796423 -90.48849371316956 -48.30744624382519; 0.14684315095397849 0.14027845292777333 0.1526511301095001
0.35 0.305; 110.7955622749826 -86.7966926000837 -46.69205259937133; 0.14680021103124372 0.1408926265928732 0.15150080881507044
0.35 0.305; 110.79227596700125 -85.14416398393638 -44.39301053882859; 0.14577328887529212 0.1400834903101076 0.15236668922127408
0.35 0.305; 110.23944448879008 -83.29807423004594 -44.324091818706236; 0.140027038365037 0.1325426554807484 0.15303694107420737
0.35 0.305; 109.5691256030988 -80.7569473765495 -44.462837737346725; 0.1407226069536709 0.13343215109600548 0.15356275912256118
0.35 0.305; 108.02444465510732 -79.05067185514626 -42.27345743383206; 0.1406949149107719 0.1331810631193004 0.16138904219882821
0.35 0.305; 106.42257876546482 -79.03045809532335 -42.15743788330662; 0.1406640378907594 0.13320830950313908 0.16138960744472386
0.35 0.305; 99.85586909891873 -79.01513443434206 -42.16440202330596; 0.1391825485478617 0.13300016544137733 0.1645389005345893
0.35 0.305; 97.36558931437344 -79.40272307003154 -42.14678970994405; 0.13920683073549547 0.13300242907246101 0.16418330411747326
0.35 0.305; 96.9752497399419 -79.33995127254151 -36.77380542298269; 0.13918509804499976 0.13268269014497333 0.1643420864605417
0.35 0.305; 94.63382895035818 -79.32785375266833 -36.76158784191913; 0.13894442234504534 0.1375307582958997 0.1650321448364225
0.35 0.305; 94.63160637662246 -72.87372886743881 -36.605677688120274; 0.13894487233467928 0.1375817738176744 0.1648020541920773
0.35 0.305; 94.6044619942095 -72.8526291433489 -29.878405798377116; 0.13730997579101298 0.13865736977983154 0.16478284610061975
0.35 0.305; 94.14053845062575 -72.82565572211149 -29.29776904659143; 0.1373100187703568 0.1386150242865463 0.16499805184459912
0.35 0.305; 88.35538750676892 -72.67209262144938 -29.31462258240594; 0.13332570771670024 0.1364785386651745 0.16574580874552464
0.35 0.305; 85.7027591204692 -72.6336890610199 -29.27570274842509; 0.1333249581241892 0.141428890689644 0.16572591782138846
0.35 0.305; 84.32797655123555 -72.31541333855868 -29.181477774350597; 0.13250629464907943 0.14230932663756762 0.1609340225540722
0.35 0.305; 81.69664737514104 -72.1875338309435 -27.75327135477137; 0.1324672695901182 0.14161941025790495 0.16066261337434004
0.35 0.305; 81.71143596308555 -71.31660730191767 -21.67214364185367; 0.1324049918590964 0.14100251474486813 0.16062878533858405
0.35 0.305; 81.66021335944625 -71.1058068105685 -15.429367811484378; 0.1300303481153771 0.13562894443811896 0.1595746603552996
0.35 0.305; 81.77602712569897 -69.79358181696875 -15.386644064547319; 0.1297596157347192 0.12647638861250451 0.14918020536121523
0.35 0.305; 80.6787505074914 -66.36755110315094 -15.386580900265745; 0.12975862333049565 0.12616807606492525 0.14922748336052305
0.35 0.305; 80.62253428182154 -66.22744515552073 -10.879823971714949; 0.135530789326712 0.14055495797409504 0.14743215218965816
0.35 0.305; 80.2841158990481 -64.87078958683551 -10.295591113466687; 0.13553194702739893 0.1299795108228473 0.14743265740971837
0.35 0.305; 78.5413176105047 -60.49974465223218 -10.254478003476645; 0.13553167249459466 0.1313729983869467 0.14743278091352388
0.35 0.305; 78.52320415521 -58.691436096611454 -10.594307490647132; 0.13538332718588464 0.13182033408521357 0.14573683401128015
0.35 0.305; 78.1542002399501 -58.565462872639564 -13.72024732359126; 0.13541015270601287 0.1318255972493053 0.14480282840523243
0.35 0.305; 77.52455670474366 -58.003126012648835 -14.402148276257117; 0.14930659630028062 0.13231743037370772 0.14624336606667615
0.35 0.305; 77.19854731156751 -56.70894571155757 -15.663655743124458; 0.14930669990806997 0.12966003550536415 0.1586137392331954
0.35 0.305; 77.18507955979415 -56.85488987499929 -15.867205068704253; 0.14929012879508033 0.12976592906118867 0.1585151359306482
0.35 0.305; 77.17841804797939 -57.960324957024234 -18.32416926965165; 0.15041555973308499 0.12976631277623082 0.15963429676060542
0.35 0.305; 74.12782785952567 -57.956650000887905 -18.519513325958208; 0.15163077932858515 0.12978034623463494 0.1596969652572697
0.35 0.305; 73.44287401500787 -56.355993564750705 -22.783084159864618; 0.15122970910785355 0.12969454142173206 0.1585309917365999
0.35 0.305; 72.4028249132121 -56.23766030646484 -22.89523727297268; 0.15176969180731464 0.12915337208652056 0.157658685559807
0.35 0.305; 69.08910134145684 -54.45571366578204 -22.895262758294916; 0.151799587262778 0.12369340142463224 0.1582663724963553
0.35 0.305; 68.48445143662933 -54.17128644674762 -23.643321158485264; 0.15824813308562988 0.12892481263556702 0.15818391884454372
0.35 0.305; 68.45752152975987 -53.09566107250181 -24.744447360304648; 0.15652711284464121 0.12867656976931 0.1594190555398163
0.35 0.305; 68.4538499444537 -52.91108214248642 -30.669183325429675; 0.1561373076565623 0.12858402807877403 0.15941439389561712
0.35 0.305; 67.91247263967408 -50.334952172487704 -34.02183334291567; 0.15615446800884028 0.12858982626560791 0.15836557990630196
0.35 0.305; 63.75624721101372 -50.32231606407288 -34.26424254007054; 0.15615687855381696 0.12849164122623086 0.15912880970210977
0.35 0.305; 63.621095903793226 -50.322129383637254 -37.00977194466667; 0.15554295071675184 0.12819017561817075 0.15919129940417587
0.35 0.305; 62.577742043762655 -47.55384675621661 -38.9860062356673; 0.154640458717983 0.12818430530592187 0.15968590910160874
0.35 0.305; 61.83697932424097 -47.608149078361436 -43.11747431513488; 0.1593605040390706 0.12809240103542063 0.1600319346713425
0.35 0.305; 61.222218961852434 -47.60759301325041 -45.62564244547359; 0.15877623786182726 0.12804584162396887 0.1598937258515867
0.35 0.305; 60.98147060725088 -47.599167338876356 -50.156385110414725; 0.15877665184065953 0.12827708123162215 0.15996804927316
0.35 0.305; 60.7380916755889 -44.772355393913486 -53.2385679901195; 0.15868575119457642 0.1290150523804386 0.16004942366006478
0.35 0.305; 59.042233673574195 -44.54607363893789 -53.48093517918643; 0.15864146525419456 0.12832585117805764 0.16116049982152342
0.35 0.305; 56.6707281509669 -45.629700165863255 -53.691780941383456; 0.15900959568074713 0.12830483885853378 0.16116601195192348
0.35 0.305; 57.38843749300022 -45.5633766705819 -57.784128784269015; 0.15797325236359655 0.1282550613031578 0.16261348196582942
0.35 0.305; 57.49565604471098 -45.61402848190959 -61.25527543428284; 0.15809898466706335 0.1279756823100461 0.1617135962081622
0.35 0.305; 57.49525626944886 -45.65215345482339 -64.37628791150074; 0.15809961578212606 0.1277571584732842 0.16171575009403114
0.35 0.305; 54.89332477875307 -45.607911557182796 -64.53706046235126; 0.15750827694439049 0.12737844166808288 0.16791501298887163
0.35 0.305; 54.153926744879435 -45.89297299112553 -69.52019518785876; 0.15904742406082725 0.12743850716583277 0.16792042297517915
0.6500000000000001 0.30500000000000005; 118.74075856589512 69.52019518785876 45.89297299112553; 0.16792042297517915 0.12743850716583277 0.15904742406082725
0.6500000000000001 0.30500000000000005; 116.39965467268395 68.87639599694492 45.87770841684206; 0.16755528092319363 0.12789280567230032 0.1594101547098967
0.6500000000000001 0.30500000000000005; 115.93531541790549 64.16389781767582 46.4874319349008; 0.1671873417685292 0.12789407420073828 0.1582102045640164
0.6500000000000001 0.30500000000000005; 115.91671522018444 63.594503944014356 46.53517093972599; 0.1671873426361888 0.1279068556898038 0.15821037324743725
0.6500000000000001 0.30500000000000005; 113.46571516885763 61.67336927403155 48.07574327096641; 0.16751832857646679 0.13110536212266238 0.1570817555381169
0.6500000000000001 0.30500000000000005; 113.46926605986457 60.05406947676622 48.08202373927009; 0.16452850143660272 0.13110251539857712 0.1567582578278527
0.6500000000000001 0.30500000000000005; 107.6310096557705 59.71722994376967 48.275324700260114; 0.16561080508080928 0.13102610645239626 0.15675825932878648
0.6500000000000001 0.30500000000000005; 105.9470637929772 59.566414320944915 48.28095733715098; 0.1655319095083068 0.13116635966232174 0.15529239799678365
0.6500000000000001 0.30500000000000005; 105.85477376204024 64.31281020550637 48.881240665225974; 0.16560123891572695 0.13116971587201157 0.1483992703706701
0.6500000000000001 0.30500000000000005; 101.88016136255231 65.79860387586346 49.17183271301149; 0.16559117847900523 0.13460435779305913 0.14840011779689066
0.6500000000000001 0.30500000000000005; 101.3624282476112 70.84305010529067 49.83314021744461; 0.16559121613632743 0.13575234932512129 0.1483543364613893
0.6500000000000001 0.30500000000000005; 100.40249369737842 71.12928329009127 50.740423353945886; 0.16570645874749979 0.13721352521626798 0.1482409585458294
0.6500000000000001 0.30500000000000005; 99.51464699284934 70.50809584237959 55.358093647642185; 0.16563831538004997 0.13303267309180664 0.14623002533022933
0.6500000000000001 0.30500000000000005; 99.02579509161374 74.29353987839768 55.42121810919215; 0.16566687643665334 0.13303217960350489 0.14622271995913672
0.6500000000000001 0.30500000000000005; 97.92309390277694 76.50060088889735 57.04156160512867; 0.17017063572899183 0.13446883834251763 0.1461228269960649
0.6500000000000001 0.30500000000000005; 94.00238229030862 76.65414497321555 58.54153828005908; 0.17112914536273136 0.13451181125677922 0.14606038233061808
0.6500000000000001 0.30500000000000005; 93.98769902128952 77.42829330809815 58.56739325516325; 0.17066227961968689 0.13448603308906232 0.14609456303034224
0.6500000000000001 0.30500000000000005; 93.69257711825053 77.60495201674223 57.24017826523469; 0.17079787922747194 0.1431840001852675 0.1516852366476232
0.6500000000000001 0.30500000000000005; 91.80095167022557 82.15955882460645 57.16289430216536; 0.1707972771451995 0.1428597582013449 0.15035706579033908
0.6500000000000001 0.30500000000000005; 91.77105939652748 83.6799666528977 57.64948010148677; 0.16980903321363577 0.1428599304793447 0.1503573602549146
0.6500000000000001 0.30500000000000005; 90.6732927858279 83.73413609853908 58.08173649643695; 0.1694594951046389 0.14257957612830383 0.15221668231876997
0.6500000000000001 0.30500000000000005; 85.88645059460649 83.73431951590386 58.19794663618611; 0.16940965849296677 0.14258173020361317 0.15221649611841773
0.6500000000000001 0.30500000000000005; 83.31106544157917 83.96118838438076 58.216349261054106; 0.14943306827333364 0.13986498987606957 0.1506815945028017
0.6500000000000001 0.30500000000000005; 81.47531094456168 83.99521766559663 58.220055106563116; 0.1494482897871736 0.1400758416862285 0.15073026117811977
0.6500000000000001 0.30500000000000005; 79.0476712605551 85.32069177926499 58.6666998619802; 0.1494875826283348 0.14012036727174418 0.14775547166707415
0.6500000000000001 0.30500000000000005; 73.30256131938559 85.54783713636844 58.71517310696937; 0.14580427720145264 0.14076047066423156 0.14754520096725854
0.6500000000000001 0.30500000000000005; 69.87490972744763 84.34566284485557 58.71601675746312; 0.1494932944745001 0.14135069906449926 0.1485801372716412
0.6500000000000001 0.30500000000000005; 64.58944590228965 83.69665692183247 58.698075199488926; 0.1482529911024206 0.14133945942000742 0.14812019082088873
0.6500000000000001 0.30500000000000005; 63.73457565488379 83.55588501846029 59.124197780814335; 0.14676879520923955 0.1411584115204578 0.14578686215861272
0.6500000000000001 0.30500000000000005; 62.75848974616232 80.13499971238522 59.364474175617715; 0.14931986786222476 0.1399576650508294 0.14621401206449647
0.6500000000000001 0.30500000000000005; 61.826754301787574 79.64616704129298 63.28775522130176; 0.1416560076007386 0.14072821479733374 0.14636663070638842
0.6500000000000001 0.30500000000000005; 61.79140534667528 80.08255598198201 68.28913374139053; 0.14177605895257187 0.14099892988171148 0.14628262887166266
0.6500000000000001 0.30500000000000005; 61.658857949849256 80.76710129031547 71.70143389590312; 0.14177668080653558 0.14099897942876938 0.14538173406944258
0.6500000000000001 0.30500000000000005; 55.22484953046598 80.68467685667699 71.82766062539035; 0.14005721228390935 0.1421382426168291 0.14531211215595194
0.6500000000000001 0.30500000000000005; 50.72324161973415 81.61486773869227 72.62438842786649; 0.13990879479268764 0.13855759197132217 0.14985483757262014
0.6500000000000001 0.30500000000000005; 50.429595133890274 75.96581280564675 72.67509551563822; 0.13987067759680616 0.14310228562708605 0.1498215107933946
0.6500000000000001 0.30500000000000005; 50.428987314689536 74.48672836200222 72.80696406227257; 0.13987113115794225 0.14310852136806382 0.14991366793586525
0.6500000000000001 0.30500000000000005; 49.10233808880919 73.57086509322129 75.20582675639604; 0.14000028954419425 0.1430895148796582 0.15037552449917624
0.6500000000000001 0.30500000000000005; 48.890934178207715 72.70319843123475 77.10529872047158; 0.15083420443993506 0.13754847570377818 0.16224901282693946
0.6500000000000001 0.30500000000000005; 48.46381576414484 71.28438994512851 79.23267648116922; 0.1508350018347335 0.13755065336440017 0.16228095708304188
0.6500000000000001 0.30500000000000005; 47.7449136616728 70.94942027682801 79.21469406879962; 0.15076252913837707 0.13672305725055608 0.1366620054379191
0.6500000000000001 0.30500000000000005; 47.69547612306035 64.77849554745434 79.39052689560933; 0.15299549037439353 0.1350831384065379 0.13662571208442198
0.6500000000000001 0.30500000000000005; 45.40910300993393 64.50803249587295 78.5758102804139; 0.1523333537235439 0.12651294160999693 0.1557056422883761
0.6500000000000001 0.30500000000000005; 39.6478132282503 64.38520477655413 78.54168579933376; 0.1522727373963698 0.1265422019450111 0.1557127134055917
0.6500000000000001 0.30500000000000005; 39.62502044832705 60.487822236007425 78.54785355455493; 0.1521381836083982 0.12724745792297235 0.15798211602582837
0.6500000000000001 0.30500000000000005; 39.58687523896659 58.620855469978366 77.98161114084465; 0.16120513002210482 0.13147482749190983 0.15768484584099254
0.6500000000000001 0.30500000000000005; 39.24377161366523 55.361080091413534 78.94673980450979; 0.1606078608778049 0.13147474638897566 0.15725718900902858
0.6500000000000001 0.30500000000000005; 38.298825655244 52.6770028742787 78.94854678822347; 0.16059935765875155 0.13679071518098163 0.15733368295857605
0.6500000000000001 0.30500000000000005; 38.29869656658729 51.09987375705939 78.8573953358771; 0.16036912667674771 0.13627798320791887 0.15695792813344733
0.6500000000000001 0.30500000000000005; 38.159557650754714 51.08469954535114 81.62595111129485; 0.16048518255296915 0.13628176730141214 0.1509216744425724
0.6500000000000001 0.30500000000000005; 37.971767564314156 50.963103980627416 84.27265915665689; 0.16048531830334836 0.13635973481316313 0.1509205162516667
0.6500000000000001 0.30500000000000005; 37.97201180289436 48.543137196848626 84.33153611174404; 0.15987390870061413 0.13723309246598017 0.15091282972756567
0.6500000000000001 0.30500000000000005; 37.98175166361651 47.34780830204811 84.35726721652682; 0.1598750711867569 0.1372153004114058 0.15095572594646672
0.6500000000000001 0.30500000000000005; 38.34354804190108 47.298788685418465 85.66677704788697; 0.1557519141490968 0.14006141592105018 0.15110113893070176
0.6500000000000001 0.30500000000000005; 39.019182983912 43.278765413615794 86.3754744375716; 0.15619833897984106 0.14012757410962629 0.15150381904766627
0.6500000000000001 0.30500000000000005; 39.019278473235886 41.30132825131836 86.43162679560989; 0.15620055140270725 0.13967106642284344 0.1515086725207227
0.6500000000000001 0.30500000000000005; 39.46292137073022 34.954706963287265 86.4565051016995; 0.1528863626376291 0.13956844822456704 0.1513874666135144
0.6500000000000001 0.30500000000000005; 37.08747667214647 33.62479511164472 87.82268366814668; 0.15276148989156815 0.139779738778832 0.15132879921403738
0.6500000000000001 0.30500000000000005; 36.67661384340125 28.905673660791376 87.87482136881461; 0.15481141078828078 0.1307653671102788 0.15084474987483604
0.6500000000000001 0.30500000000000005; 36.35836205696212 28.4125607403008 91.43340837231634; 0.15436740776730756 0.13312369804736507 0.1525754044305124
0.6500000000000001 0.30500000000000005; 31.150461908841525 28.410276627780924 91.51959421075686; 0.1496413482178867 0.1331270220263102 0.15219523163919768
0.6500000000000001 0.30500000000000005; 30.98585007481584 23.348311959116046 90.68744637387073; 0.15219006771409058 0.13197115001492724 0.1495838427945512
0.6500000000000001 0.30500000000000005; 30.10588574455856 19.232405066575822 91.02049565589779; 0.15061904926768088 0.1324179820844555 0.15213443898437615
0.6500000000000001 0.30500000000000005; 30.116049322964244 14.316328757934842 89.83452887466608; 0.15043408915933468 0.13242186450497656 0.1519576858129001
0.6500000000000001 0.30500000000000005; 30.510525238096985 9.920161019435957 90.86978854984999; 0.15012930272815106 0.13233428006755743 0.14638706860590442
0.6500000000000001 0.30500000000000005; 31.804621297758906 6.118576108571866 91.59979826425145; 0.1507264834326375 0.1360709926391085 0.1463945530406159
0.6500000000000001 0.30500000000000005; 31.811986557601614 6.048422489573342 96.32750286765818; 0.15072522721052958 0.13607098147423977 0.14637125443185078
0.6500000000000001 0.30500000000000005; 31.02376976198398 6.6282830841586975 98.51163906312401; 0.15075278525046146 0.1371048156176506 0.14619339170844986
0.6500000000000001 0.30500000000000005; 32.14232532644304 3.74949807026168 100.97612267101624; 0.15097615048920557 0.1360425467432681 0.14636682504267798
0.6500000000000001 0.30500000000000005; 32.19002035153982 3.3145701056187424 105.0925853926994; 0.1505512931917432 0.13718992146213055 0.16280689182701502
0.6500000000000001 0.30500000000000005; 38.81423454561927 3.2296146428186527 105.18995957878043; 0.1504892372142021 0.13571201929540466 0.1627471061023213
0.6500000000000001 0.30500000000000005; 38.81600401077569 5.442893903193239 106.08557888638613; 0.14089031465637844 0.13571857911464152 0.1571884291912436
0.65 0.305; 38.9511358200031 5.875674627878143 102.2561031323302; 0.14111011791924186 0.17655440440665826 0.15690250972549838
0.65 0.305; 43.829441151168304 4.596988780779171 101.4866632831248; 0.14010358060927164 0.17618164106606488 0.15693078128974017
0.65 0.305; 45.07630650662933 3.827008397409307 102.64318925481352; 0.13677025935455106 0.17748250001669233 0.15706365196476668
0.65 0.305; 45.213626125822614 1.142766586179104 100.97129545076321; 0.13156616844386457 0.17746925986180154 0.16024075772046428
0.65 0.305; 46.26728306274345 0.5705618238150548 102.45808834639747; 0.1316621218933524 0.16984475376054012 0.15756546815295552
0.65 0.305; 47.775661058645554 -0.15760957972199316 104.30300261487636; 0.13612824097961065 0.15311933645195372 0.15735010163469973
0.65 0.305; 48.29134026840119 -3.3940104742328363 105.24448677726105; 0.13694542773492555 0.1508097705297088 0.15173409436723015
0.65 0.305; 48.68851702428482 -5.298060000508624 105.62555931182409; 0.13818792100418215 0.1490394516688909 0.14908345651155053
0.65 0.305; 48.344839462881104 -6.877217029276083 105.99798547855117; 0.1375540926859788 0.14869213401937223 0.14899120759558626
0.65 0.305; 49.446546114802665 -8.369632499869061 107.20140417139979; 0.13761576440777296 0.1487108129163447 0.14807565354383287
0.65 0.305; 49.54737082394183 -11.219694818435292 107.22380478620761; 0.15077639707946974 0.1514459669775509 0.15927773423359726
0.65 0.305; 50.12986971969796 -12.146740977760338 108.5923358369386; 0.1534742687345619 0.1511998998600233 0.15923437695278234
0.65 0.305; 51.00867867434507 -14.525300695720462 111.04154593206913; 0.1529156581414027 0.1382648778972669 0.15922835570522278
0.65 0.305; 50.986495004696124 -19.501484328642057 110.62680609699076; 0.1597064452857441 0.13808612221597422 0.1543328107996434
0.65 0.305; 46.26821518926373 -19.545927148144877 110.7192171815506; 0.1623172524726293 0.13757556109280114 0.15457993002749687
0.65 0.305; 48.349773756420106 -23.326190478403664 111.09785791768296; 0.16389529434307623 0.13728047993932913 0.15428707880115594
0.65 0.305; 48.367784001001354 -27.700627575531797 111.10753020822864; 0.1572568210452476 0.13473404764757865 0.15330833093449076
0.65 0.305; 48.784070950207536 -30.5023417702075 113.96291473044492; 0.15722457527280137 0.13483318356819282 0.15283406344234182
0.65 0.305; 49.5762512935722 -34.709427683333956 114.41496368766784; 0.1613243728540934 0.1480916386965352 0.15466229562221254
0.65 0.305; 51.06482182514309 -39.07211828730468 114.76724526726069; 0.1596024323401357 0.15713276492211345 0.1564916674523254
0.65 0.305; 50.00942372251773 -40.146065959310135 118.03107160587471; 0.15945606735852866 0.15435888399632813 0.15810329913486074
0.65 0.305; 50.009765636645575 -46.11957657420336 118.0309650053726; 0.15943478522042642 0.15122199395302777 0.15745750567200653
0.65 0.305; 48.882062418378815 -51.610268705483854 117.98893375867483; 0.15827660114312478 0.15121445917282877 0.15540245338670336
0.65 0.305; 48.8785194795883 -53.12587130486786 117.82606019003718; 0.16001048344468424 0.1579726685630665 0.15556498303834124
0.65 0.305; 48.88424179548972 -58.78311480170477 117.84298430148797; 0.16160814213011715 0.15842444002534395 0.15557550692702768
0.65 0.305; 48.801244722076596 -60.68666379107173 117.82309325689192; 0.1616341607556827 0.1589121359724873 0.15623056057372198
0.65 0.305; 48.038573211649044 -61.92321709539058 117.29135501666364; 0.16249577650229807 0.15885760250645262 0.16001676465078654
0.65 0.305; 46.772144085557144 -64.1918131738767 117.28732830483347; 0.16310739004634905 0.15885915101734935 0.16081058829494427
0.65 0.305; 45.84415494639225 -64.81698923893927 116.6501257492578; 0.1626670094311907 0.15865326825826187 0.16082709117288999
0.65 0.305; 45.84391203580564 -71.50723137399882 116.6453882533866; 0.16270712808898402 0.15865257280923303 0.1608312972656028
0.65 0.305; 45.89357248246442 -73.29875158137155 116.09471284224189; 0.16725818285621302 0.14713979572583905 0.16011480455913002
0.65 0.305; 46.124183973484385 -77.8656916305118 115.41511250023791; 0.16905321287772201 0.14712575533973155 0.16485369001556757
0.65 0.305; 49.708985157580045 -77.98672611954277 113.59757495247118; 0.1775374243140321 0.14719470429455245 0.16661604707163472
0.65 0.305; 49.91098285631938 -79.02672490983166 113.75469973431957; 0.18292926686070443 0.15073568968605464 0.17573958289320984
0.65 0.305; 49.91996589880536 -84.26058714805606 113.75285064790293; 0.18421912986761466 0.16935975173202691 0.1758092513621565
0.65 0.305; 50.35281452970551 -84.28254582548759 112.3287442000005; 0.18543563704425478 0.1703018876668626 0.18083645801756973
0.65 0.305; 54.350989064150355 -84.37853291969788 111.92249257368793; 0.19104606663558826 0.18603918974113678 0.18919620192628775
0.65 0.305; 57.51911424023548 -84.86676225978549 111.90260083349969; 0.19070763112809183 0.18781096628834643 0.1901397844192568
0.65 0.305; 58.94968732038705 -85.53017547004983 112.85852461477916; 0.19087402657660726 0.1880818522893168 0.1901386041839544
0.65 0.305; 58.9468401454394 -88.20401197827589 114.7387108602221; 0.19095198750477027 0.18851834813856963 0.1902133130392325
0.65 0.305; 58.949526149139935 -88.2835393820338 114.77433201294421; 0.19132847204993467 0.18852743129584282 0.19489687255044177
0.65 0.305; 58.595086808454994 -88.63745312364894 119.63333365723386; 0.19136994043460018 0.19999998157549734 0.1999990434737557
0.65 0.305; 59.999999999999986 -90.0 119.99999999999997; 0.2 0.2 0.2
