0.5 0.3; 151.34304334715435 -68.6881254973028 -63.22312528304779; 0.2 0.2 0.2
0.5 0.3; 126.25186273769084 58.56037975277248 32.389405459234446; 0.2 0.2 0.2
0.5 0.3; 124.69471185335865 31.06543888357662 96.90716560753286; 0.2 0.2 0.2
0.5 0.3; 45.49078949738175 103.17655477774653 94.07545140999548; 0.2 0.2 0.2
0.5 0.3; 105.56766516474347 -123.46945057988302 88.84476550107594; 0.2 0.2 0.2
0.5 0.3; 157.51270792864958 -116.24347362845644 90.61698482207319; 0.2 0.2 0.2
0.5 0.3; 85.91712299042983 -25.45460891080338 -130.9308116606938; 0.2 0.2 0.2
0.5 0.3; 109.7115279844452 -102.93499393787259 29.59014618447699; 0.2 0.2 0.2
0.5 0.3; 42.73579287962124 -30.263630186952877 -150.46981470994584; 0.2 0.2 0.2
0.5 0.3; 121.59567108881318 -88.61176003136511 -76.8380719474122; 0.2 0.2 0.2
0.5 0.3; 48.777737370435894 139.65191036502517 6.60964464213001; 0.2 0.2 0.2
0.5 0.3; 59.46368188116259 105.2717786118699 -119.40768545750981; 0.2 0.2 0.2
0.5 0.3; 160.85603023582087 -69.53423630761003 99.50570397680248; 0.2 0.2 0.2
0.5 0.3; 22.141363636531295 80.55645991216633 111.04503321665555; 0.2 0.2 0.2
0.5 0.3; 128.5468800367742 71.37810129559641 2.6395046063785124; 0.2 0.2 0.2
0.5 0.3; 22.701863205534693 -14.578902887718098 58.02512210588275; 0.2 0.2 0.2
0.5 0.3; 131.2586844807436 111.22457049661904 -75.69182135713767; 0.2 0.2 0.2
0.5 0.3; 56.92975680624305 -100.35842581940551 -141.40168973420174; 0.2 0.2 0.2
0.5 0.3; 71.60806173871677 91.96747791098262 151.50297749270362; 0.2 0.2 0.2
0.5 0.3; 101.70204158481972 70.81342528021521 51.409474646258396; 0.2 0.2 0.2
0.5 0.3; 27.92923550447838 -76.9192434738124 -37.30344437270857; 0.2 0.2 0.2
0.5 0.3; 48.388625356942335 -19.644897019147322 72.01890501464696; 0.2 0.2 0.2
0.5 0.3; 49.658418462793264 50.84285588442245 126.02699554144317; 0.2 0.2 0.2
0.5 0.3; 86.77522274957214 94.82338458889609 -44.42216952337263; 0.2 0.2 0.2
0.5 0.3; 142.7676085091413 -50.71090095761545 83.37248399785676; 0.2 0.2 0.2
0.5 0.3; 80.14311774349918 -103.53850383523827 92.3642514529116; 0.2 0.2 0.2
0.5 0.3; 59.74850072538913 -111.31180558935223 41.20071326861138; 0.2 0.2 0.2
0.5 0.3; 125.72776168322818 62.876037938164075 101.51305751213974; 0.2 0.2 0.2
0.5 0.3; 106.80432296665057 21.157423835246806 157.9758453106264; 0.2 0.2 0.2
0.5 0.3; 127.39966722676117 -95.40914837924224 10.007298449892327; 0.2 0.2 0.2
0.5 0.3; 89.99712779350183 -92.81166557442145 1.3648359442051623; 0.2 0.2 0.2
0.5 0.3; 38.25269790071865 83.4519859876619 -116.11004081985715; 0.2 0.2 0.2
0.5 0.3; 17.336385926490717 149.33228588405353 -117.91474172141615; 0.2 0.2 0.2
0.5 0.3; 147.59282650784792 -5.880259925964295 83.08710997715424; 0.2 0.2 0.2
0.5 0.3; 0.5085087185106835 128.1028954525264 -110.94341170670052; 0.2 0.2 0.2
0.5 0.3; 73.91456769182336 -72.15765503804892 73.98256269379213; 0.2 0.2 0.2
0.5 0.3; 112.45900994851759 32.24291936833112 58.400760293559124; 0.2 0.2 0.2
0.5 0.3; 117.29170870317861 -48.96009476840076 -83.66758107736905; 0.2 0.2 0.2
0.5 0.3; 107.59882417800752 -91.36343637444463 -73.14226713886825; 0.2 0.2 0.2
0.5 0.3; 106.39821441647396 93.74856803882084 -23.398395867663268; 0.2 0.2 0.2
0.5 0.3; 16.757430165883093 85.3176483506195 153.33218662347994; 0.2 0.2 0.2
0.5 0.3; 91.03223963499363 -98.3057059027623 -142.4511273622123; 0.2 0.2 0.2
0.5 0.3; 123.25816946514226 84.24528162427474 -4.9405577336819695; 0.2 0.2 0.2
0.5 0.3; 162.68586892412534 -125.14295215136545 118.65799325083617; 0.2 0.2 0.2
0.5 0.3; 42.713626009856384 55.649970783519606 158.47958949922372; 0.2 0.2 0.2
0.5 0.3; 128.49750511476452 -131.3869350152182 -35.728508281655515; 0.2 0.2 0.2
0.5 0.3; 34.22696703749877 115.5924735258052 70.83490415135998; 0.2 0.2 0.2
0.5 0.3; 104.2167640000021 95.99849789599236 -85.67716682625912; 0.2 0.2 0.2
0.5 0.3; 98.07095378834545 -133.3446138807258 83.27129753442202; 0.2 0.2 0.2
0.5 0.3; 101.94875987638778 -22.227598016486656 110.68546785530144; 0.2 0.2 0.2
0.5 0.3; 58.92153782467493 -29.976124426496213 -160.29530103654142; 0.2 0.2 0.2
0.5 0.3; 144.6019072551782 15.627947633383261 -141.65685517691463; 0.2 0.2 0.2
0.5 0.3; 21.909994810340336 139.5381643788103 -12.77510380964632; 0.2 0.2 0.2
0.5 0.3; 110.47749383955355 19.9356307234963 159.5557636751651; 0.2 0.2 0.2
0.5 0.3; 98.23643578154969 -119.04507953026034 53.98076509403074; 0.2 0.2 0.2
0.5 0.3; 99.55070944595192 114.88257657411444 34.58424508418119; 0.2 0.2 0.2
0.5 0.3; 85.46976008644798 -90.89867213012774 -20.153780668125005; 0.2 0.2 0.2
0.5 0.3; 111.21871147181784 60.8305136016724 36.83147429971789; 0.2 0.2 0.2
0.5 0.3; 151.5215843435285 -122.86148989681078 144.3962135854275; 0.2 0.2 0.2
0.5 0.3; 16.224567279595465 164.04408554564003 -7.003191136777915; 0.2 0.2 0.2
0.5 0.3; 108.32948494110255 -57.320185232124246 -29.855047804457858; 0.2 0.2 0.2
0.5 0.3; 52.91746561765893 115.16647149203438 126.94560681453707; 0.2 0.2 0.2
0.5 0.3; 135.6178418637542 40.8756073905124 -138.3440272821924; 0.2 0.2 0.2
0.5 0.3; 35.358324442624465 104.69889553759194 81.09792113268739; 0.2 0.2 0.2
0.5 0.3; 15.871947514854343 -36.70797008976428 -87.6192518893878; 0.2 0.2 0.2
0.5 0.3; 160.97666434740248 82.70021466576361 -9.993303750068858; 0.2 0.2 0.2
0.5 0.3; 88.09400116838579 -85.47634391018615 160.66589760649347; 0.2 0.2 0.2
0.5 0.3; 131.30429686443168 -135.01294793002214 42.81727814840897; 0.2 0.2 0.2
0.5 0.3; 69.51882573974355 37.323909243816416 84.33134308762844; 0.2 0.2 0.2
0.5 0.3; 38.01752602172643 53.82431063374644 -45.04901065875669; 0.2 0.2 0.2
0.5 0.3; 30.7031389401343 90.51100086612102 -150.90017602273755; 0.2 0.2 0.2
0.5 0.3; 98.0752273700709 -85.4579436714494 137.1589509860092; 0.2 0.2 0.2
0.5 0.3; 120.73769849591649 36.58763174575184 31.366507906716585; 0.2 0.2 0.2
0.5 0.3; -0.07827957771377342 -20.011531493333596 160.8723611753497; 0.2 0.2 0.2
0.5 0.3; 30.03083837479648 73.82973276152462 120.88307891167503; 0.2 0.2 0.2
0.5 0.3; 126.3199111719384 67.15576922806606 -40.98123446398047; 0.2 0.2 0.2
0.5 0.3; 49.246191407070356 116.90859946949678 89.71185514300842; 0.2 0.2 0.2
0.5 0.3; 59.802366971524485 -4.9150974926648425 -155.2072973139874; 0.2 0.2 0.2
0.5 0.3; 68.71263663976292 0.017000143249352374 122.05086793295895; 0.2 0.2 0.2
0.5 0.3; 39.39411607537015 139.66174280535958 -126.54729073181666; 0.2 0.2 0.2
0.5 0.3; 133.753561385242 53.611301633857074 118.60813236437171; 0.2 0.2 0.2
0.5 0.3; -0.55235431930928 35.66012698051604 44.50330094461334; 0.2 0.2 0.2
0.5 0.3; 163.2427819343234 -1.9926904010690178 148.94975376482822; 0.2 0.2 0.2
0.5 0.3; 148.4451870717925 90.77825290014181 -13.822984536752086; 0.2 0.2 0.2
0.5 0.3; 118.69268610581454 1.743380329563758 -153.1772805530866; 0.2 0.2 0.2
0.5 0.3; 85.30025597412217 25.76944939448833 -109.84316705303216; 0.2 0.2 0.2
0.5 0.3; 71.13920369237925 -124.26135818032344 64.91777120018126; 0.2 0.2 0.2
0.5 0.3; 50.9788109395037 2.6973590311362305 106.8974340636717; 0.2 0.2 0.2
0.5 0.3; 135.57677406873196 -63.04669288477169 86.51732721822886; 0.2 0.2 0.2
0.5 0.3; 117.18250808747563 -33.4532861073558 110.01290323945611; 0.2 0.2 0.2
0.5 0.3; 154.73545999865897 8.431201035014904 -66.69451127967568; 0.2 0.2 0.2
0.5 0.3; 101.37188506998773 158.72545237102864 -109.32371159572104; 0.2 0.2 0.2
0.5 0.3; 116.89696161495594 33.86091421749053 -60.437233603860015; 0.2 0.2 0.2
0.5 0.3; 2.213529073739277 86.45636159526931 -133.13074131226725; 0.2 0.2 0.2
0.5 0.3; 93.29234441865235 -31.202190011638617 -98.25066336135723; 0.2 0.2 0.2
0.5 0.3; 160.26077533901807 -57.23160254692033 -69.17922387342796; 0.2 0.2 0.2
0.5 0.3; 51.29836552848869 -95.94676056738764 42.89549782347037; 0.2 0.2 0.2
0.5 0.3; 111.4963376654193 -74.10981425595777 -35.319912982645114; 0.2 0.2 0.2
0.5 0.3; 138.37298436163852 -154.19734006208884 131.29601482789406; 0.2 0.2 0.2
0.5 0.3; 69.43492677131941 11.064527292337235 112.22258731294238; 0.2 0.2 0.2
