0.35 0.255; 119.99999999999997 90.0 -119.99999999999997; 0.2 0.2 0.2
0.35 0.255; 119.45531320840539 90.0054244266043 -119.70574764623134; 0.18720568899219334 0.1756806186554852 0.17838420949117328
0.35 0.255; 119.38053133466553 90.30338777708265 -115.09977270859876; 0.18435597946159935 0.1867964269843774 0.1780380590997782
0.35 0.255; 119.8698757169948 90.34964508927193 -114.26857953750624; 0.18675930202917554 0.1737588002222727 0.16209811093697304
0.35 0.255; 119.44406890397394 86.24163167658978 -113.7955957343881; 0.18662003152102802 0.1736477916955399 0.1610398494708737
0.35 0.255; 117.33338096125921 86.24210938437852 -110.01990674700743; 0.18649426933077534 0.1735842819352955 0.16102888896034784
0.35 0.255; 117.31461122320839 84.26562106693227 -107.49649723092374; 0.18791515685962162 0.1709568365441665 0.16121606770842412
0.35 0.255; 115.61362102478382 80.93713365582416 -107.24690034230281; 0.18056594437735318 0.17138176080399942 0.16482419808569962
0.35 0.255; 115.09041752382235 76.34738309433662 -107.34828560093676; 0.18066643048312342 0.17136727453627412 0.16378592514273108
0.35 0.255; 115.9165871840512 76.21905172517785 -104.56553099595375; 0.1784279113336821 0.1712862530970891 0.1605642395381112
0.35 0.255; 115.92227861935488 75.85557886034705 -101.28884642685597; 0.1784372325097602 0.1712783015791822 0.1605599757006118
0.35 0.255; 111.37854808319446 75.0680037943139 -100.82711488411739; 0.17086376277335466 0.16900106083282723 0.15551852353703982
0.35 0.255; 111.34348743915213 72.4357931386754 -99.64198499123897; 0.15596578885234344 0.1692612915274736 0.15688072431864894
0.35 0.255; 110.83142790236614 68.74706689627395 -99.64162748846668; 0.1559836139987122 0.1702546373896995 0.1568267023691534
0.35 0.255; 110.80381430200379 68.49902118135216 -94.72363163305099; 0.1563195012191579 0.15841858265130393 0.15582154351507782
0.35 0.255; 110.80383697127431 67.0433727442467 -94.0502772159474; 0.1580257400580477 0.1583983392776705 0.15554638465421272
0.35 0.255; 111.04032205336627 61.96057415595415 -94.02179001594529; 0.1579155237561891 0.15840342735938806 0.15553732894787548
0.35 0.255; 111.05088135436469 61.9590555817368 -93.46680625238137; 0.1579246214541161 0.15840351394478328 0.1555358401905335
0.35 0.255; 110.58093648540223 61.853497689907435 -88.10656639178416; 0.15792584620191094 0.1574685449306742 0.1556530644564416
0.35 0.255; 108.50534739006503 62.045965495779534 -85.19005446615493; 0.1547729488765757 0.1586536425100637 0.15723405001063342
0.35 0.255; 108.4815745916884 61.614808023161785 -80.45516851776286; 0.15477740365713896 0.15865777550844354 0.1571980284184458
0.35 0.255; 109.43171760327199 61.31672267127318 -76.34028561387395; 0.1452165576145669 0.15761027413146086 0.15725721851396754
0.35 0.255; 109.4501275641404 61.25607873781812 -70.35929994757065; 0.14505717782065122 0.1572429396499367 0.1582103356056815
0.35 0.255; 109.80128042783286 61.257400595210385 -67.02715241859681; 0.1448309920639603 0.15817934568275455 0.15749716901573935
0.35 0.255; 106.26343887949004 61.18348826998081 -65.89097637538308; 0.14483209525812835 0.1583053928700512 0.15733290291761162
0.35 0.255; 106.04900120926938 61.323826425459615 -62.91757713038719; 0.14616860426287498 0.15784170707347245 0.15733420518231483
0.35 0.255; 105.96140529218418 61.29510598302331 -59.55005707309948; 0.1459883870631604 0.15783026527957453 0.15731069892419722
0.35 0.255; 105.94900884989461 54.85689587640348 -59.27444900755902; 0.14593650621185406 0.15783008394110115 0.1563879629376966
0.35 0.255; 105.89369029138899 54.85650471368092 -58.61985337391244; 0.14593741580118424 0.15783380551793286 0.15639560942467964
0.35 0.255; 106.1220569060503 54.62116606168342 -56.08743964022917; 0.1423339140103548 0.15783372465904497 0.15634662662949886
0.35 0.255; 106.36801765284827 53.05460565659826 -53.30600336323826; 0.14233088206321196 0.1542911754954471 0.15632049155055736
0.35 0.255; 106.08853574785893 51.85045388555896 -50.92596066515061; 0.1370325346636299 0.1535064984259912 0.15440677660505817
0.35 0.255; 107.20698730691097 51.50194456202712 -47.04934840304192; 0.13703121540435595 0.15350801152901392 0.15342098690974176
0.35 0.255; 107.2516227081331 51.495274852091555 -47.03416890101984; 0.1369602630698166 0.15345756960632337 0.15342964126919179
0.35 0.255; 110.58369306631253 50.82011647633528 -44.14572860821793; 0.13718977360741236 0.15522781862847104 0.15319990378314435
0.35 0.255; 110.75330355727053 47.62232587830448 -44.018179015174844; 0.1370334958859186 0.1559247233276284 0.14829356067842991
0.35 0.255; 107.78819573504764 45.74699815539444 -43.11467732072409; 0.13703841756185156 0.15577644539074437 0.14829399229663154
0.35 0.255; 107.77203275461657 45.66615336229435 -37.01005996006447; 0.13692126687095396 0.15568769010488398 0.1482653351197045
0.35 0.255; 107.51931131399583 44.105264624589324 -36.75727258548496; 0.13780995161722018 0.16091049130254945 0.14879692875911044
0.35 0.255; 107.49788127248843 43.5565945951715 -33.432585369115486; 0.13779952862685813 0.16091083166834522 0.1485652081222842
0.35 0.255; 107.48749476013282 43.5552117270646 -31.08429735718303; 0.13779919736056637 0.16075396307956316 0.1485631849450312
0.35 0.255; 105.21318710457096 42.30763079149394 -30.47232478840062; 0.1487831370671879 0.16131012743465098 0.14658816109862086
0.35 0.255; 105.21133568863252 39.54290059966092 -29.49107124550682; 0.15369520001267056 0.15873228719838983 0.1480960694609568
0.35 0.255; 105.19716043289601 36.36570090923786 -27.94080626885857; 0.1537103583849801 0.15873429033715838 0.14809905695814338
0.35 0.255; 103.9830376024675 35.43536657797018 -26.881049061361505; 0.15370303691964954 0.16308174213040252 0.1477999315051455
0.35 0.255; 103.75475604438668 34.93917737448491 -23.604717014287544; 0.15330244501731993 0.16295103591608567 0.14971506105601823
0.35 0.255; 103.67809611623561 34.247114253854235 -20.631294832408656; 0.13303382060472752 0.1631209052375018 0.15086850447612613
0.35 0.255; 103.53767303243953 33.60271668478813 -17.21594271453271; 0.15752413701461065 0.15632590045167757 0.1594992747425996
0.35 0.255; 101.78770226507018 30.00886742400177 -17.104034472220697; 0.15674532905172828 0.15639020541052812 0.16210995888560586
0.35 0.255; 101.77330674496673 29.934894459871117 -11.268915866124779; 0.1566871627143822 0.1564256830899873 0.16214207718834903
0.35 0.255; 106.02939977572102 29.29219924857778 -10.294882722913451; 0.15648846149488688 0.15636624830816387 0.1603694922600019
0.35 0.255; 106.28841018707679 26.592616491749364 -8.518390539706745; 0.15610688986236113 0.1565901901670025 0.16172135962423828
0.35 0.255; 106.34735033108917 26.592267748716143 -5.897417982358235; 0.1559383189729019 0.15659000245512977 0.16174670675134867
0.35 0.255; 106.35591546249402 26.471384166623974 -0.41418022656654707; 0.15588933992377593 0.15659859325665695 0.1616693738897889
0.35 0.255; 106.45690836047606 25.114152026189423 3.6634065733770482; 0.15526830193293556 0.15659182910973227 0.16137357388723872
0.35 0.255; 106.41683061267192 24.955494743543756 3.67980398268141; 0.15488906061057864 0.15687361618889886 0.16136357811899804
0.35 0.255; 106.34100680293562 24.178956589174465 4.5957522579554935; 0.15488874152077048 0.15687655464360886 0.15394464576317912
0.35 0.255; 108.86107504286873 21.99641675771785 5.571778626861264; 0.15613281443474433 0.15747814757547465 0.13357820782507426
0.35 0.255; 110.29369550745551 20.380264753027753 5.859601324483411; 0.15232206406286716 0.1568488636361586 0.13359829030489295
0.35 0.255; 110.29366141364514 20.049051429291183 11.108548301394507; 0.1522824125734648 0.15682473897305443 0.13361730098922184
0.35 0.255; 109.89764654617852 20.008984896394228 12.613196988184416; 0.15409219138918862 0.15682506770740764 0.13532114605546786
0.35 0.255; 109.88798168933664 18.649193338166345 12.955202594761122; 0.15406036195149736 0.15355392892956013 0.1353132082265331
0.35 0.255; 107.72093053117877 15.577628102077188 13.34623423694265; 0.15316038694305825 0.1474058681858274 0.13725248538435114
0.35 0.255; 105.1136839790525 12.356676251174033 14.38853838802433; 0.15300640752841338 0.1476252910643027 0.1374784996522043
0.35 0.255; 104.73147991193879 6.590683269137977 13.903562249266727; 0.15279806131766188 0.15034096441545286 0.13748371330352524
0.35 0.255; 104.73147265995016 2.8009152496683862 13.918365140988973; 0.15277348294738838 0.15049394313039016 0.1371677484282797
0.35 0.255; 104.30842588972367 -1.3604264559530441 13.873145663309941; 0.15288621343224656 0.15042833901063044 0.1378325890589993
0.35 0.255; 103.41703818584166 -3.195240984471785 15.141469589340963; 0.15427140549308227 0.1503680881263338 0.13849920370419566
0.35 0.255; 103.41320448882355 -8.127247187122524 15.14358682864895; 0.154333732025271 0.1503666399520658 0.1384991483596684
0.35 0.255; 103.09482345432713 -8.161290183713966 19.706603468118235; 0.15434702511617482 0.15039212899965543 0.13849892435468317
0.35 0.255; 102.9624575048331 -8.262143902916927 23.568570752198845; 0.15495782822634202 0.1504327588246987 0.13846426194536557
0.35 0.255; 102.90776501325253 -12.952791655877984 25.196151349323074; 0.15265095476777857 0.15030380321931985 0.13818995167571
0.35 0.255; 102.94333720883252 -13.932171806189094 25.507458065675927; 0.15265057836733356 0.15081790481343807 0.1381892658337944
0.35 0.255; 103.16894601903265 -19.744352204010244 26.25280372001388; 0.15216467573191947 0.15091690532122312 0.13971182936769413
0.35 0.255; 103.16905919791947 -21.43195492779765 26.363022839449144; 0.15216047528799626 0.15121616403708368 0.14015162569722264
0.35 0.255; 103.16913031720793 -21.452809612619795 26.482201992419526; 0.15217301256650068 0.1512239218821427 0.1401942889942304
0.35 0.255; 104.15802350771793 -21.631419487764767 27.037241131388466; 0.15217305523943395 0.1473906624103921 0.14028257909544223
0.35 0.255; 104.29351979957595 -23.707239110850118 27.382122962005475; 0.1521694077486132 0.1473868349871236 0.1404109426727756
0.35 0.255; 103.81977420723418 -24.4301819725403 28.15754855340771; 0.15215149503868547 0.14741308760733476 0.14033391710916435
0.35 0.255; 104.45885190233606 -28.738604735634024 28.393849201090077; 0.15158987836778284 0.147413587116034 0.15341374027511656
0.35 0.255; 104.45592219404898 -31.847593685139696 28.680111537483544; 0.1514740839135778 0.1476028916719607 0.15350823164787145
0.35 0.255; 105.22738786574185 -32.38834872359026 31.821945395347793; 0.15157578486531745 0.14754029402323976 0.15359087329957696
0.35 0.255; 105.3141394190949 -32.42252870593621 34.78778457186713; 0.15178788687708508 0.1478941990145905 0.14374324109891445
0.35 0.255; 105.30207496631787 -32.518689866789536 37.88662151385047; 0.15409980859047467 0.14798421919213095 0.14382489214997052
0.35 0.255; 105.88668261313323 -32.79291992581002 39.26179002285715; 0.1470758989490132 0.18194876857269607 0.13970162262759092
0.35 0.255; 109.84747636979941 -32.793152699962626 39.31284595158214; 0.14807121267408124 0.1819514162931455 0.13994882812711273
0.35 0.255; 110.81154812186023 -33.02867670750339 41.31341321887074; 0.14806937196282832 0.19041565589869558 0.13405054272995348
0.35 0.255; 110.84987486139383 -32.574523556623205 46.550754186331076; 0.14842339922824868 0.19075622420050645 0.14230267588320458
0.35 0.255; 109.28840629159838 -32.57421165592945 46.697038143548575; 0.15726674429383916 0.17594719893921562 0.14174337959413666
0.35 0.255; 105.42541713236575 -32.56963720518122 48.41407390975644; 0.14204612415507104 0.17495013708034404 0.141844572334278
0.35 0.255; 100.13352238569834 -32.551986026124794 48.45789526696374; 0.14192223084096234 0.17404015433309056 0.14186218660928088
0.35 0.255; 100.11481978388835 -32.55200169901934 49.98631909574006; 0.1420943056547918 0.17403815832695574 0.1394916188202398
0.35 0.255; 100.09716304988422 -36.366157582860126 50.14748921347506; 0.14204682512041314 0.1740383779259805 0.13957881413036025
0.35 0.255; 99.86499285616877 -36.38296165711474 54.170699932589905; 0.13806883875543563 0.17451780596755598 0.13914066874188546
0.35 0.255; 99.08383153726851 -38.017721509711876 54.309336019304645; 0.13797073187959139 0.17447443224656015 0.1395762742933154
0.35 0.255; 99.14103391565551 -42.96074841720492 54.83533463522015; 0.13794293228817894 0.1743900647330016 0.1395776235275348
0.35 0.255; 99.15099170472574 -43.71418320538096 55.866216641748245; 0.13794287368668492 0.1741250186883265 0.13969742730394427
0.35 0.255; 97.66471876644091 -44.34455139874893 56.48491305823663; 0.14021599887317845 0.17370716743329384 0.13979456116304728
0.35 0.255; 96.08470215415929 -45.49610601814696 55.336222709384295; 0.15448550643616613 0.15235503784372836 0.15084381225480104
0.35 0.255; 96.11628097142932 -46.741890520180775 55.27390333087667; 0.15440329314572868 0.1525880157408466 0.1508231873825097
0.35 0.255; 96.11643978988324 -48.23069104321526 56.385731991315986; 0.14296758675220192 0.14980143485196967 0.1501592774788759
0.35 0.255; 96.12085245542707 -50.457314894136246 56.198454650045285; 0.14289602786823985 0.15085166784297332 0.14912586623086516
0.35 0.255; 96.34909658842277 -57.16878994424468 56.19849298219198; 0.14316745608494133 0.15101215777619928 0.14913661457308985
0.35 0.255; 95.88873310592885 -56.949571477536246 50.1800034513449; 0.1417123216735913 0.1509544784253084 0.14909438092001606
0.35 0.255; 97.19914250182545 -55.66944404939243 46.6810241314595; 0.1417006226394612 0.15713808117328473 0.14917281867280482
0.35 0.255; 96.91762964662239 -55.655996272343764 42.5209711896109; 0.14121815228485363 0.15714914000373217 0.14916903368801182
0.35 0.255; 97.09068590994505 -55.89267169731945 37.62367619718254; 0.1412030775787718 0.15714166040832334 0.1484679500981979
0.35 0.255; 97.15322080909253 -56.79792463190926 34.24571057870858; 0.14157107699451665 0.1570000550200594 0.1457904331644724
0.35 0.255; 97.12469480687024 -58.27054877418555 30.9201307534136; 0.14222169373370022 0.13396395435590702 0.15035521923505404
0.35 0.255; 96.56829984469503 -59.58317554695151 26.813442138024506; 0.1422308868992983 0.1339037424739365 0.15101011496184127
0.35 0.255; 96.00728021612903 -59.62871390081561 25.796071296865627; 0.1430761826017178 0.13392473097758212 0.15105037315723016
0.35 0.255; 95.76607625553059 -62.82556878962572 25.45738050187976; 0.14488396006359394 0.13355762773926055 0.1510763548947958
0.35 0.255; 94.85612646452404 -63.14984419722634 22.60096536790577; 0.1449491762667832 0.13359214657133525 0.15093306938988385
0.35 0.255; 92.3750903125942 -63.03720921303827 22.48025664854212; 0.1449091532336221 0.13283800427382844 0.14913751394577499
0.35 0.255; 92.12922509036265 -63.23422608737341 19.931327318558544; 0.1449009602883827 0.13289744382482419 0.15091543642667865
0.35 0.255; 92.4070643870422 -63.26222032870245 17.63959687060321; 0.1374860882673067 0.13601980282274642 0.1507353759829005
0.35 0.255; 92.26959442128842 -63.97620419816356 15.564165904185137; 0.16584303696810843 0.13599429092484666 0.14893733450520774
0.35 0.255; 92.17028288959989 -65.29436059810615 15.116935614544937; 0.16484709906430547 0.13378660622375388 0.14872868250618207
0.35 0.255; 89.18261616404936 -64.93047884731493 12.129963137325145; 0.16484906557589005 0.13378927666983922 0.14840585533871273
0.35 0.255; 87.91940174260876 -64.97091108771964 8.384057550197538; 0.16488663133430026 0.1338352118438163 0.14843454306115086
0.35 0.255; 87.3047216902011 -64.94804347405751 6.177871710059699; 0.1648958637314714 0.13346729119009537 0.14843232113799784
0.35 0.255; 81.36841178585006 -65.58214427681617 6.072812854606624; 0.16472086956048695 0.13459697942772017 0.14755061891857274
0.35 0.255; 81.27586704938261 -66.7775803054498 5.8724376159546505; 0.16495502578838447 0.13415663785265403 0.14956807430574945
0.35 0.255; 81.25070024101959 -66.77756557820457 -0.5072645367260981; 0.17094782271009004 0.13402508669374194 0.15013791836875073
0.35 0.255; 80.96789299837288 -65.53471496472973 -3.3719963750223307; 0.17094831107795275 0.1338545708712873 0.14871207297720437
0.35 0.255; 80.05350134728006 -65.64658839327333 -3.591332248319344; 0.17114204475430872 0.13150002234285318 0.14871099301692847
0.35 0.255; 80.0390780133717 -65.99479688533131 -9.976090083087488; 0.17182070194943835 0.13150411717405752 0.14863921189216436
0.35 0.255; 79.97835355932368 -65.59304950118016 -15.607264574202091; 0.17311280742066193 0.13333225530240417 0.1559038927772272
0.35 0.255; 79.96451411227257 -65.00900729926744 -17.12830589209579; 0.173323795238215 0.1334042758197844 0.1559040919919176
0.35 0.255; 79.05672333998442 -64.31335173935827 -21.719279896830034; 0.17781635567402482 0.1344516759987224 0.1646253639183443
0.35 0.255; 76.32806130084808 -63.948862718226415 -22.188129678302086; 0.1776426164545735 0.13425555870479175 0.1653286971908995
0.35 0.255; 76.46230428177387 -63.83046432468787 -25.49078031145299; 0.17778093211880897 0.12664073650672925 0.16665090145931638
0.35 0.255; 76.1929619365974 -62.93254449574536 -25.530337642142616; 0.1778388407425434 0.126634939918319 0.16679246299928427
0.35 0.255; 76.14463246425741 -62.87155908683117 -28.583367311293465; 0.17783723162894755 0.12671624384425348 0.16674642976442317
0.35 0.255; 73.87982948332615 -61.02636844737693 -28.684403203939436; 0.17790097967824006 0.12656879128839346 0.16654492437404247
0.35 0.255; 70.56204380709578 -60.7360780367346 -31.221402572148367; 0.17697273922924164 0.1266498364715183 0.16533884731662477
0.35 0.255; 70.53132368283802 -61.10442341123364 -37.3712050932661; 0.17704856536098873 0.12382178104011135 0.1667641986107749
0.35 0.255; 70.06141385278832 -61.34968223326363 -43.08004283249378; 0.17294236493111229 0.12418060110718221 0.16683502147097226
0.35 0.255; 70.0961657689548 -63.56866467749497 -43.12781011228992; 0.17294473136056104 0.12412010336037987 0.16682145219224906
0.35 0.255; 70.08874234419233 -68.59297318535344 -43.182801763378286; 0.17326916007756468 0.12410615376614606 0.17121582696007523
0.35 0.255; 70.08478378587962 -68.65116723101998 -46.03004909431599; 0.1733484992203465 0.12291251229232845 0.1712159309730488
0.35 0.255; 69.91994286343989 -70.42752930816458 -48.39115334402497; 0.1802963241973039 0.11394968870019466 0.17121613058563745
0.35 0.255; 69.91291449924337 -71.88626465169891 -48.679158437828214; 0.18031157455859625 0.11355059876890511 0.17121611826295174
0.35 0.255; 67.51505320928307 -73.06876092413633 -48.72297242772091; 0.18380217154212714 0.11937921372155941 0.19231004133058158
0.35 0.255; 67.28673443471821 -73.40403754812577 -48.83845928949694; 0.18469395800618607 0.11874628859640136 0.19264060056951485
0.65 0.255; 125.0442375970955 48.83845928949694 73.40403754812577; 0.19264060056951485 0.11874628859640136 0.18469395800618607
0.65 0.255; 123.25093897212338 48.82966310444629 73.01520532459986; 0.1926381684333084 0.11876584235254876 0.1846283626273204
0.65 0.255; 122.43415297058478 48.83338563175115 70.10499343207951; 0.1909612480397168 0.12102381606353226 0.18280887985210179
0.65 0.255; 122.5754602352375 48.76665199668407 66.88392889415339; 0.1906860829892476 0.12069218668308748 0.18188251149231702
0.65 0.255; 121.52507569244668 49.23952860399854 63.6990276345914; 0.19075807942476558 0.12069445300162503 0.1818939035372486
0.65 0.255; 121.50134033405654 49.0087527996168 62.427031669154026; 0.19008848264674905 0.1203967942492187 0.18186863935282124
0.65 0.255; 121.49947854346487 47.835874846554084 59.701636109294704; 0.18995369533114131 0.12444850218239734 0.18186554280053172
0.65 0.255; 121.64103839663456 46.119413891391545 56.56373689309783; 0.1898894930687353 0.12463025133817647 0.17908763437315578
0.65 0.255; 121.81467120579153 45.255393312456434 52.81651520399081; 0.18730044857246436 0.12636986967153158 0.1789464097614436
0.65 0.255; 121.8124740369376 46.376498103920284 50.43697903193547; 0.1872404222754293 0.12595631495546838 0.17674162647857833
0.65 0.255; 121.65714530271588 46.370832950007355 43.74626007232991; 0.18714803275168693 0.12599385427099266 0.1767313203902053
0.65 0.255; 123.1366358458002 46.32684836256779 41.51486379260044; 0.18714287531100504 0.12602628220154177 0.17635275597633623
0.65 0.255; 120.72761952514648 46.59692834146518 39.34827336023976; 0.18702762430591424 0.12626083798466856 0.17634238598104382
0.65 0.255; 120.72099347664583 46.40549951222182 35.715450498169766; 0.18389308409369362 0.12722056874959575 0.1736607068056188
0.65 0.255; 118.82193585124344 45.20714969689313 35.70681890225528; 0.18337022085159305 0.1273321723797232 0.17357446828120127
0.65 0.255; 118.17338560908793 45.1915019763424 30.04212191711333; 0.18322563528613353 0.1273716920671264 0.17351471419696857
0.65 0.255; 118.24684747545263 43.95851278532695 29.99188644852423; 0.18230927298884747 0.12778020492988323 0.16599764660975402
0.65 0.255; 117.56523248742823 43.44685882177878 26.12397117323968; 0.18219564138776034 0.12778253413748106 0.1659688459349822
0.65 0.255; 114.60082621233775 42.96566825479069 25.46588669258404; 0.18309165898485003 0.12797503899576126 0.16582115154454796
0.65 0.255; 114.60039644702258 42.96582713741018 20.06026844731941; 0.1824590475838149 0.12786391707605646 0.1635269567129844
0.65 0.255; 114.59468556256309 43.42597100698648 20.019658134454257; 0.1824591271743551 0.13009066108826137 0.16354866659098793
0.65 0.255; 114.47562433197876 48.678328576536224 19.8098532819295; 0.18242760951896572 0.1302026064097454 0.16354944877514635
0.65 0.255; 112.82404062254783 49.585480010043035 17.920015251299965; 0.17200236861801985 0.12971919504635826 0.16220313116501572
0.65 0.255; 112.78972435297891 49.6682327977543 15.213586094540336; 0.17197214109787978 0.1444787462747664 0.16185834776325206
0.65 0.255; 112.78902814031196 49.668215458863266 10.409906100204138; 0.17197888987334733 0.14450027537610807 0.16186001036133627
0.65 0.255; 112.6898588676422 50.99537257201065 8.313822419946893; 0.17173905741866613 0.14414864492767812 0.16217201980207765
0.65 0.255; 108.72300383220237 53.74375202210383 8.31380733202745; 0.16807586210124606 0.14414873989762855 0.16217200741888368
0.65 0.255; 108.4508990772237 54.10053515358109 6.08747715277932; 0.18248926718845482 0.14899913233766715 0.14431889019213953
0.65 0.255; 108.2642915434668 54.107129820785914 4.703300734626387; 0.1824463852307895 0.14954876014198082 0.14231081810684945
0.65 0.255; 107.7011051054427 54.11315852705324 4.454854101740739; 0.180056180416861 0.14736239078221802 0.14007735322126802
0.65 0.255; 105.08050000867102 53.583961107809394 4.467656938075287; 0.17886159250084976 0.14794247966529955 0.13974369916531063
0.65 0.255; 104.69294467024699 53.85318472239876 -0.1635859815148163; 0.17872202382194635 0.1439404020954493 0.13974614215118758
0.65 0.255; 104.66339728758406 53.85119191141401 -5.803199925847405; 0.1787247744424768 0.1526741490641588 0.13973608074118382
0.65 0.255; 104.66482534912906 55.07478380074367 -10.43756800053773; 0.17816904583452264 0.15267758459357303 0.13978110994667897
0.65 0.255; 104.64527794016838 54.35667889057589 -10.965020038494947; 0.17558813268653342 0.15272571699616044 0.1397812551612882
0.65 0.255; 104.73879912824201 53.59485460286603 -16.316359232610306; 0.17628151204515696 0.15267367169374738 0.1397420412052672
0.65 0.255; 104.67411236086572 53.580830469249626 -19.99639214336313; 0.17627692236386347 0.15255382152902094 0.13974652721012387
0.65 0.255; 104.64067665945818 54.52312475884625 -24.611985898706955; 0.17335801080404692 0.15195870759081645 0.1431061798913421
0.65 0.255; 104.55049231577877 55.495761737082674 -29.232444472443493; 0.1717052844056172 0.1517223264794109 0.14314757108762985
0.65 0.255; 104.47171493166378 57.44648753022672 -31.992780374523257; 0.17081044162777018 0.15167965207217807 0.14248435278524654
0.65 0.255; 103.46410166296447 55.82882664554708 -32.850493693328666; 0.168959465373533 0.16084945758660815 0.1457502782738804
0.65 0.255; 103.85270742493793 55.44520173650883 -33.87279128901853; 0.16851867799572887 0.12477927683843018 0.13999425816735095
0.65 0.255; 100.63571649450527 55.445535531157866 -36.11634415343371; 0.16851852923282856 0.12423930541906063 0.13994976938348805
0.65 0.255; 99.63452416135293 55.204988241807754 -39.56522395124166; 0.16683109461984016 0.12295296289187646 0.1399559268372491
0.65 0.255; 99.69857471738293 55.88594965015227 -41.369425587662455; 0.1663163714363551 0.12334083762805813 0.13996693993097167
0.65 0.255; 99.70369039199892 57.11950455004648 -47.02684467032222; 0.1662788147654846 0.12332522606633584 0.14000174060935047
0.65 0.255; 99.7356098926346 51.11440140078841 -47.02684083077791; 0.16627668259361442 0.12335534807858882 0.14000075317172023
0.65 0.255; 97.2575306988006 49.41990135906999 -47.97765110244256; 0.16518232701293925 0.12310594985870935 0.14147839011357785
0.65 0.255; 93.79304104175712 47.16784524826084 -47.98081390645037; 0.16512704347835824 0.13108009306657242 0.14232721582827557
0.65 0.255; 93.77381661677067 46.37792572926682 -53.51625144782687; 0.16488186578052866 0.13174332817850648 0.14245651766293144
0.65 0.255; 94.28991909349507 41.8402926766923 -53.515487076850974; 0.16488048016623147 0.13138388587738223 0.14246104100682255
0.65 0.255; 90.6965833686549 41.27153166226416 -53.52820482230656; 0.16432994918867838 0.13181788605769473 0.14223668958182092
0.65 0.255; 89.93023224745984 40.994909464827984 -55.34558521445573; 0.16326857462314268 0.13260664118458243 0.14032035525721093
0.65 0.255; 85.92130150515705 40.984566184202045 -55.435175423456194; 0.16326995569944847 0.13278197704538344 0.14020622002539956
0.65 0.255; 84.77288720276826 39.80784527773796 -57.89022819256834; 0.1612740166755242 0.13275608194016475 0.1404793820360721
0.65 0.255; 84.58234613486921 37.16753890865947 -57.92725649104634; 0.1591210540758519 0.13275205138369 0.14331545068661028
0.65 0.255; 84.43785364441307 31.244249800431213 -57.93383488370949; 0.1569942202561862 0.13906687235467785 0.14350875522073023
0.65 0.255; 81.91142317384097 31.154413999362635 -57.25765373582107; 0.15699251359597266 0.1379042937987749 0.1431077777913312
0.65 0.255; 76.64018852439617 31.125753204965832 -56.47852217088688; 0.15706037145652582 0.1377808085678336 0.1399999637202442
0.65 0.255; 72.98397305607705 30.173302071920624 -56.29975981772269; 0.15698337186561762 0.13782040112741853 0.13990779080601276
0.65 0.255; 72.9793025432343 30.016866391702603 -51.53391679763326; 0.16789907288713615 0.13777053627702274 0.13992526126276658
0.65 0.255; 72.28989741248238 24.14331688623083 -51.52677918006801; 0.16244960765275715 0.13760824790347087 0.139934482123999
0.65 0.255; 73.96925534220404 22.81362835667178 -53.18610239261257; 0.16366518774366742 0.14287484125202424 0.14291887557066513
0.65 0.255; 68.7394797184068 22.831538314079193 -52.95643217679523; 0.16289460310410428 0.1457729216065327 0.1468821507253894
0.65 0.255; 62.05208196088976 22.878581099483284 -52.95388590830472; 0.16313631863448694 0.14560369590557773 0.14684682851133848
0.65 0.255; 62.02554553646398 22.878159267898017 -51.8948529340838; 0.16344461478172528 0.14563444658522573 0.14657892389243468
0.65 0.255; 62.019279867932596 22.84154632818847 -49.124244228815144; 0.16382580554270426 0.14337569066129746 0.14664441973229836
0.65 0.255; 62.03046185957108 22.679035997792866 -45.078901992595036; 0.16386251593010473 0.14335771487448096 0.14670844638963906
0.65 0.255; 62.033956007795894 19.547238144492546 -45.07785490485983; 0.16391959778226423 0.14336010227920962 0.1465931733852612
0.65 0.255; 62.42670776100879 16.575324460325618 -43.77374444012027; 0.16358425415781722 0.1433592530279963 0.1469303696762033
0.65 0.255; 63.023208404606464 14.277586498348262 -42.2323252634784; 0.16404455141232657 0.1433619166241212 0.14692981313336648
0.65 0.255; 62.58222756993937 14.270484573818408 -36.76846848572238; 0.16402632165736294 0.14331383431904257 0.14693841495943322
0.65 0.255; 62.681997325674345 10.791859043944056 -34.59867771617514; 0.1636224437843356 0.1433328956913909 0.1464858642964961
0.65 0.255; 62.68117106514865 10.726457607554904 -29.251788439816448; 0.1636200758631181 0.1437280881839323 0.1464812243342962
0.65 0.255; 62.74213771507708 9.95882225753304 -26.41220912521713; 0.16361985674683752 0.1437361833113953 0.14652389209578662
0.65 0.255; 66.70106651113306 9.976816506301834 -25.2143636602253; 0.16400642962473427 0.14234120178978013 0.14640011051594454
0.65 0.255; 66.64862692279625 9.315664090030928 -23.82759412351709; 0.1637751306863754 0.14152426852298977 0.145802473829805
0.65 0.255; 68.02006958746288 9.302825090054384 -20.02439914998658; 0.16366856033027954 0.1393745712380301 0.14308481797601627
0.65 0.255; 68.03876491468706 9.220605351843403 -16.495635432205916; 0.1635208076999227 0.13936530875072353 0.14303813447994423
0.65 0.255; 67.8870025489296 9.145780460652656 -14.263816887561344; 0.16363029835439635 0.13939297090274488 0.14766208732305197
0.65 0.255; 68.3219365147056 7.909355117774527 -12.39079077262356; 0.16367112892262703 0.13964926703955385 0.1472408138884426
0.65 0.255; 68.3156619697666 7.446198238055688 -12.10990989508486; 0.16351661769510756 0.1396491957097981 0.147233525855502
0.65 0.255; 68.92310386882838 7.4344170403467915 -11.455313027765444; 0.16352873060591103 0.1396487573816213 0.14733066580530427
0.65 0.255; 66.3362964959353 6.618320272422237 -8.017782933294047; 0.16377903961504586 0.14008554581165472 0.14731698324850556
0.65 0.255; 66.246506262348 6.328100290912189 -5.2968957492948805; 0.15604045472198402 0.13914675566515905 0.14731826721665414
0.65 0.255; 64.64265010589853 5.977717871094733 -3.7582410920097438; 0.15604475736940254 0.14034991421641546 0.15080244507166757
0.65 0.255; 64.41400527148043 5.866494278070726 0.3385277901369369; 0.15604477136238779 0.14039429912528148 0.15080303401033565
0.65 0.255; 62.699078315997305 5.861927180925373 4.276156477979437; 0.15349413344076004 0.14035381251025272 0.15100695502317962
0.65 0.255; 57.596170900005674 5.3678264998388 5.206887581569882; 0.15116514937125353 0.14033098065867816 0.15096311487087358
0.65 0.255; 57.18799507180124 5.362466605544003 5.24404127593302; 0.15167362487118366 0.14032838118703023 0.1512913260028538
0.65 0.255; 57.536195382170185 5.007656016473123 7.450919176262996; 0.15156837181636526 0.14261700958137707 0.15115056324286716
0.65 0.255; 57.58436442702019 3.8560268076818116 13.167708619805673; 0.15246784488537213 0.1425699226636939 0.1512131278253667
0.65 0.255; 57.584909385371304 2.326781944641078 14.979695595357395; 0.15312309466180485 0.14255698496274352 0.15108522533518612
0.65 0.255; 57.891713353688154 -0.6264324200286058 15.901271138976922; 0.14500689932195984 0.13948040543515744 0.14780135484912427
0.65 0.255; 58.12855320681722 -1.62632940191073 16.22656780729495; 0.14511965537977525 0.1386875428827038 0.153341654083968
0.65 0.255; 60.576342987446445 -2.4207468275086006 17.996022863803127; 0.14353592497369563 0.1386271416646236 0.14692506476906664
0.65 0.255; 63.946315938047455 -2.777129931661208 19.36278365868766; 0.1435967082474204 0.138724213233837 0.146931566844865
0.65 0.255; 63.81001541891339 -4.00846022064309 19.751625781154413; 0.1350619064062467 0.14770350531351892 0.15040605901303727
0.65 0.255; 63.80652796167611 -4.29265052314665 23.968154831070784; 0.13506826653451634 0.15086181816166006 0.150271419846601
0.65 0.255; 63.6576185787319 -10.597668326158445 24.326821803755873; 0.13504638749416498 0.15108474701799798 0.15012472547166222
0.65 0.255; 62.660298475185535 -10.60346524645799 24.865352432595433; 0.13497827950924088 0.15082596329541575 0.1501426865457244
0.65 0.255; 60.906725796200654 -10.705275356117257 28.297309572097785; 0.1297575796620283 0.14717422606989694 0.14987975329366765
0.65 0.255; 60.84221286360357 -10.641276244867145 34.861350492946066; 0.1277393325955384 0.14723683939901613 0.14923923892447286
0.65 0.255; 59.88442588315953 -10.695411902006267 35.96279296046395; 0.12805989223481148 0.147239566904074 0.1498655684592332
0.65 0.255; 59.44323222326891 -13.252688688460736 37.48244073956798; 0.12604621272636765 0.14680227773067947 0.1500191750225629
0.65 0.255; 57.24684787994506 -13.838631152379623 40.00580612236995; 0.12616163941844197 0.14704037579732146 0.1554575757931316
0.65 0.255; 57.579674930537905 -16.26190802036035 40.280435247066535; 0.1261164069786406 0.14704138635703828 0.15536240518954728
0.65 0.255; 57.506082951914536 -18.50337835637336 40.362223235274456; 0.12416043796014213 0.14700506958999507 0.15904091194750758
0.65 0.255; 57.16306903760689 -20.712303835783825 41.08977638584624; 0.12368520196359609 0.14695355317287087 0.1609647771798629
0.65 0.255; 57.28737364793417 -20.723685750631617 43.68386770751965; 0.12639063593369182 0.14612784090983633 0.16421449644813502
0.65 0.255; 57.28312354261388 -21.792731187654102 48.369754664662324; 0.12637230174961667 0.14520834202083066 0.1644308112632973
0.65 0.255; 57.51666807509574 -25.56088563740494 48.840867662941086; 0.12644223113426764 0.14501261261806328 0.1655488823390295
0.65 0.255; 57.626791610481554 -28.246102124423203 49.44577573735902; 0.12641795904274122 0.14063712717638366 0.16574660839487118
0.65 0.255; 57.775936709204636 -29.47784096587856 51.46339312666751; 0.12624871160048184 0.1400052504822377 0.1659686765588213
0.65 0.255; 57.879934461071684 -29.485461613953245 55.365357476039684; 0.14859543685460846 0.1401880569665498 0.17058386656386829
0.65 0.255; 58.71088551907648 -31.076421670486063 58.00030595035556; 0.15424587685086 0.1414743704483406 0.17129343453805607
0.65 0.255; 59.085185524581306 -31.084358953937002 64.44714740864056; 0.1537176048726941 0.14147439855358623 0.17129418303338653
0.65 0.255; 59.05158913864164 -31.90816762962874 65.68705001568964; 0.15386207946549188 0.14134830072385277 0.17219070710012477
0.65 0.255; 59.050970481969614 -33.839487126494745 65.7556029002817; 0.15418028233296469 0.1427197534659184 0.1767318090772121
0.65 0.255; 58.080266053662456 -35.801678524016566 66.40197405895945; 0.15550964923225877 0.1414771486734572 0.1729237475845525
0.65 0.255; 56.899667093068835 -36.214491555183386 66.55207262149783; 0.15550980158076352 0.14123209762291775 0.17298013123816838
0.65 0.255; 55.55657334188165 -36.21488557162569 70.24602016872619; 0.15549432486400608 0.1412316405920241 0.17286945433361384
0.65 0.255; 55.55921146590456 -37.01226664610344 72.60928380519086; 0.15548608985216728 0.14518113959683737 0.17282676110753958
0.65 0.255; 55.55926014993942 -39.345124339458415 72.83017238469482; 0.1555050081970395 0.1451766493558115 0.17283277813979675
0.65 0.255; 57.200244413305505 -43.005830214297575 73.77549132886854; 0.15582764647698552 0.1447925474224326 0.17315344952787803
0.65 0.255; 57.18378676470409 -48.70207075005053 73.80422394045279; 0.15450783398813603 0.1445684142994502 0.1723279915233392
0.65 0.255; 55.979496978325 -49.37203150925738 76.48367093837251; 0.1538209591718954 0.14518260358053517 0.17228435264940695
0.65 0.255; 56.002564729338225 -49.63689768845756 77.58149269994661; 0.15490839237796825 0.1462483097119442 0.17393038242269196
0.65 0.255; 56.06388185955867 -50.11067835433508 81.51761275629705; 0.1554033881254537 0.14619450837120726 0.17392945017580433
0.65 0.255; 56.09674684449023 -51.67743452405717 81.53577993723022; 0.15579714601329558 0.146189202536908 0.17387147164562003
0.65 0.255; 54.349562243006666 -53.74311188901473 82.00973761287048; 0.16846416331702235 0.15092341963872707 0.17756584856236127
0.65 0.255; 55.0930225345905 -57.094248796141095 83.6432035021679; 0.16842868803203156 0.15090900949971192 0.1775742425136244
0.65 0.255; 54.917146730961136 -60.81200852182306 83.75913970284564; 0.16843442388996085 0.15083153869325705 0.17754605635931606
0.65 0.255; 54.911052874549824 -67.46385148160321 83.85846948805693; 0.16819807458233738 0.14734858695558398 0.17754137288903732
0.65 0.255; 55.48469776651813 -69.79870845932275 86.44029698802609; 0.16834546635822453 0.14602081105478953 0.1774317218858055
0.65 0.255; 55.180466382635935 -71.27032232219202 90.35676116016201; 0.17084295532543153 0.14685165278754822 0.1774270524499633
0.65 0.255; 54.490569305715425 -71.28400967001554 94.58908680212765; 0.1785915988584623 0.15740230457738946 0.17650787297180104
0.65 0.255; 53.33319290960835 -71.3851807518834 95.61792598897507; 0.18430271647800964 0.15793131320551396 0.16952679373713858
0.65 0.255; 53.45675408674047 -72.11560029953269 99.44734037364998; 0.18847985092757055 0.16026585451768036 0.16954828469664374
0.65 0.255; 53.277792931249735 -75.95896092224474 100.84740676196371; 0.18838532448029635 0.16034167683294887 0.1698670530781389
0.65 0.255; 54.95339758378085 -76.50218591840219 104.21375482764847; 0.18898081256341337 0.16604810546884777 0.1759356478214354
0.65 0.255; 55.025242285565724 -79.81816874763177 105.880323222995; 0.18920963995051954 0.16613673045465963 0.1759950714250097
0.65 0.255; 59.6179455369364 -80.57578642378073 106.30263058485818; 0.1892097696185048 0.1661760280087782 0.17663806775967358
0.65 0.255; 59.66274925491012 -82.15606516859394 106.98412511532881; 0.18924898629049025 0.16617824429349792 0.17644868325059493
0.65 0.255; 59.98912011781514 -82.1803364911509 108.13916312635928; 0.18976738750288977 0.1661152227166851 0.18447956721861392
0.65 0.255; 59.990042685027504 -84.83707651389037 108.16418668203066; 0.18946479674526046 0.166114911808119 0.1844807658145918
0.65 0.255; 59.970199623523754 -88.60157600924437 109.11710141085743; 0.19171082578828208 0.16562175736726764 0.18454184644660704
0.65 0.255; 59.4526038223456 -89.21084070027393 110.6567167572814; 0.19174847893922617 0.16595178250701817 0.18548547248934177
0.65 0.255; 59.71666981022161 -89.50977079273487 116.35660560569727; 0.1917497677792602 0.16595381826375752 0.1858122283237018
0.65 0.255; 60.78883416415617 -89.86510480134574 119.18929562474246; 0.19160613378778818 0.1664315886511179 0.18591917678655195
0.65 0.255; 59.999999999999986 -90.0 119.99999999999997; 0.2 0.2 0.2
