0.5 0.1; 135.0 45.0 29.999999999999993; 0.1 0.1 0.1
0.5 0.1; 131.75006915479577 47.20344645282362 31.770393534350603; 0.12545831712363764 0.10599203934591499 0.13569465297840178
0.5 0.1; 135.24913068861625 47.20960089664949 19.74899564688629; 0.12550781708048164 0.1131428914373708 0.13591120102520307
0.5 0.1; 123.34513226281966 46.24330736533563 20.0948958438344; 0.12529430284976353 0.11626976683387959 0.13768061179497823
0.5 0.1; 109.2027867194748 46.68418795832317 20.482777397599808; 0.14571046665750972 0.11750974894436433 0.1439663346424897
0.5 0.1; 96.74699630054026 48.8614888780212 19.000604096978964; 0.14884190922206714 0.116244560657206 0.14421453942761844
0.5 0.1; 96.06744248514138 55.10207440775239 18.61501896339152; 0.15791256146197546 0.11704553505997721 0.14404467850557692
0.5 0.1; 76.3226226745171 57.06082573905378 18.53543693390053; 0.1625751559988996 0.11733608992917709 0.1439870342641667
0.5 0.1; 75.73739597284403 80.6643698035544 18.25047854022583; 0.16223981232970586 0.13626645876562637 0.1493609122849896
0.5 0.1; 75.72904714440924 90.94268441881272 21.812218626320917; 0.15896387744821977 0.13477785792865335 0.1434342457741365
0.5 0.1; 93.12274121662033 91.78843317966204 22.20193062318312; 0.14006945215160876 0.13490187988542177 0.13925392393179425
0.5 0.1; 96.7611317595298 96.07101917587751 4.024344036617375; 0.14028403497094027 0.13491587164156577 0.1517646208558723
0.5 0.1; 94.73280611860142 98.37639746640455 -8.343970647763586; 0.14028349933014347 0.13488956606528058 0.1530358401775731
0.5 0.1; 93.44140243574253 98.32897047037063 -11.05280932969677; 0.13840443382017742 0.139878127143052 0.15380335339726525
0.5 0.1; 87.75816805739971 82.86512586799608 -14.754524823791522; 0.13639193216709697 0.13413780237694622 0.15998103814739895
0.5 0.1; 87.73076431472474 74.31027427356412 -4.2695105702048926; 0.13692838496519985 0.13514395742429058 0.15958212210955425
0.5 0.1; 83.93191466364416 72.89824088471836 2.724510387348106; 0.13837850558528422 0.13621662960895464 0.13671994542416593
0.5 0.1; 63.51752979540222 70.92750562508718 3.2177617608569014; 0.13745102832983405 0.13926734734425278 0.13655992418968246
0.5 0.1; 54.40965312788954 69.26673091845083 11.743944370261962; 0.1337731743380895 0.14342872134286005 0.1284296848916126
0.5 0.1; 50.79355314726795 63.19207945054306 12.968686615890908; 0.1311153847793194 0.12874662283915445 0.12817277175543026
0.5 0.1; 50.71061914665811 50.79665873146016 13.850525821562151; 0.13209865039121133 0.1304513318711984 0.11786262942810868
0.5 0.1; 50.58392929307178 31.31657140171277 8.168264944201173; 0.1266911213091014 0.13044069270707143 0.11802109122438008
0.5 0.1; 51.244902050220304 18.128031984271136 15.717298217414516; 0.12595098480874262 0.12688916306754108 0.13261794932490856
0.5 0.1; 51.3305432726604 6.785339120201383 17.177078011113647; 0.12945261200878327 0.12677305780937675 0.17670910977748921
0.5 0.1; 55.9170967972324 -8.993616293187015 20.882023567222546; 0.12825848068859133 0.12788160540074942 0.18563810647487303
0.5 0.1; 55.994878890821795 -5.930399229899971 37.443318547644445; 0.12850070173436431 0.13006575177889584 0.18879106073367785
0.5 0.1; 60.79111243928575 7.774820270062756 38.27014882470158; 0.13931738752726472 0.10239151088502274 0.19128639283527685
0.5499999999999999 0.5; -73.16391846594989 -38.27014882470158 -7.774820270062756; 0.19128639283527685 0.10239151088502274 0.13931738752726472
0.5499999999999999 0.5; -55.91248313693973 -38.26484487662726 -8.210727355353042; 0.17834338438298686 0.11555979331255231 0.13876926666506187
0.5499999999999999 0.5; -55.10215023332847 -38.897839670250654 -9.162583077521262; 0.17468752171566457 0.11908167105505801 0.13633224225452029
0.5499999999999999 0.5; -51.75931803212348 -41.34304091285495 -21.31386695394383; 0.17313281097530453 0.12469575094802632 0.1363086758464751
0.5499999999999999 0.5; -25.860356878280868 -41.35921977976765 -21.335353760597865; 0.17261921681845213 0.12322661570175258 0.13693734934929705
0.5499999999999999 0.5; -24.478252750461763 -40.55356298173248 -39.88279796422281; 0.17267825613727908 0.12373791589773649 0.13642496650221725
0.5499999999999999 0.5; -6.22451291057657 -40.99752028880862 -41.728029472915466; 0.17272380593459985 0.15423851700372784 0.13578687291115812
0.5499999999999999 0.5; -4.962017235152156 -17.88585687451522 -43.260250015618105; 0.17173504599972797 0.15300106084682566 0.13508314094790888
0.5499999999999999 0.5; 11.837046639971417 -18.6108574923522 -40.2738006641318; 0.16774162551922875 0.15289064201065206 0.1363384735299362
0.5499999999999999 0.5; 30.490242023369703 -19.265788659530845 -34.42592446707988; 0.16845140241283524 0.1411056411202994 0.14708730180903645
0.5499999999999999 0.5; 33.8878721359472 -19.65806787627685 -44.62659666423462; 0.16829281912262478 0.1332603255064203 0.14645000319268978
0.5499999999999999 0.5; 34.438970153066705 -19.28546760783836 -54.887102656596085; 0.1487325067829108 0.13485852065870496 0.1424763978105764
0.5499999999999999 0.5; 39.72103104870565 -14.404306449856406 -66.99618821402466; 0.14833995214085818 0.13483349320160887 0.14248806471443978
0.5499999999999999 0.5; 51.913688320836144 -11.884219468246847 -54.76869209559584; 0.14837099696027223 0.1345903434621654 0.14248663344870102
0.5499999999999999 0.5; 58.62917060122417 3.0332337437008317 -52.54856207417985; 0.14828989116712724 0.13468039849605085 0.14199702651291704
0.5499999999999999 0.5; 58.62937936159963 16.619627101421894 -52.55077346662235; 0.1482225761494699 0.14382823222908592 0.14211411129828647
0.5499999999999999 0.5; 59.163252659423755 25.6357680188433 -49.49602129524401; 0.14969334057363493 0.14393737788241256 0.14608897703342336
0.5499999999999999 0.5; 59.30723404343506 31.90503780349818 -50.594042516791646; 0.13803685118004141 0.13940417609864802 0.15039322089506216
0.5499999999999999 0.5; 59.38058414812829 38.277969407708355 -52.825531126197724; 0.14211436131905048 0.14255880790451242 0.15011218644337912
0.5499999999999999 0.5; 61.676722399194006 47.425927133937286 -54.26642435571348; 0.14208044972195444 0.14337670692323112 0.14503235486107788
0.5499999999999999 0.5; 62.69511982299898 56.631627573913015 -69.99587478070785; 0.1465765962555844 0.1427924245650106 0.14523250810341112
0.5499999999999999 0.5; 69.23347151641025 66.49150188595668 -70.02662483472437; 0.141283405426847 0.1441735331108136 0.14522830259870595
0.5499999999999999 0.5; 69.23406662157927 66.56448556004406 -78.5414468077749; 0.1412844346421887 0.1439888702091463 0.14391864229286583
0.5499999999999999 0.5; 72.11828967587358 71.27098403845359 -82.9423369996751; 0.13867378727613583 0.14803177138186638 0.16112289407826597
0.5499999999999999 0.5; 78.63124843061524 71.74475579424686 -81.46850823194566; 0.15934703440986714 0.13946144987593118 0.18692775330796466
0.5499999999999999 0.5; 85.09754164606025 67.59987441121908 -81.46958627593598; 0.15937568794606335 0.13940004881009227 0.1872253349680591
0.5 0.9; -108.77217021865665 81.46958627593598 -67.59987441121908; 0.1872253349680591 0.13940004881009227 0.15937568794606335
0.5 0.9; -104.29403875421202 95.62002957414737 -67.60018951523594; 0.18048976319702031 0.14198497273736738 0.14994177388700738
0.5 0.9; -101.61011978070121 105.4292581428199 -71.59256499283639; 0.17979472071801922 0.14222052336295163 0.14988265425403308
0.5 0.9; -102.69102255097822 113.02110450438327 -82.08551651791339; 0.14132369148573656 0.14429822932752945 0.1538483087490403
0.5 0.9; -112.7552647207104 110.52363797581701 -92.20591518277891; 0.14194212997265815 0.13510450311129552 0.1411024801978996
0.5 0.9; -111.67512192149401 104.90017149738408 -107.34074323234145; 0.1552552757416866 0.13868796603861847 0.14076792733585322
0.5 0.9; -112.82662021216633 91.57362778890099 -107.59994677811204; 0.1753370702928608 0.1417990802720902 0.13718616557139449
0.5 0.9; -135.31810579867062 92.25502070322219 -107.92687549568791; 0.17364007249863309 0.13836080185011754 0.1290086005169257
0.5 0.9; -128.5955349682706 77.00010512289172 -105.64656023260407; 0.14754981003581463 0.13708927871028137 0.1473565964330202
0.5 0.9; -128.54175584830787 67.14123990026403 -105.63892597937563; 0.1586468612735926 0.13008636363990841 0.14460295415478286
0.5 0.9; -121.13925508403965 63.925902092092606 -105.16455482616655; 0.1527921442208461 0.1284180472813492 0.14464301011923023
0.5 0.9; -121.47474420217854 58.00111962550903 -100.7104966629179; 0.1559428889410165 0.1277969893200876 0.1453745235441743
0.5 0.9; -122.28520720153124 52.30643953406902 -83.57982505108401; 0.15706130140187086 0.13319377023994813 0.1441204663266738
0.5 0.9; -122.06604952470514 49.032968171492286 -74.2069241992411; 0.1361246990175589 0.12655619239811738 0.1425736661650521
0.5 0.9; -120.55043907423722 29.086370440561574 -75.96383110203882; 0.13062094165419408 0.13259270244826576 0.14657264923146074
0.5 0.9; -119.75412963921073 27.056587563106024 -79.09314318673789; 0.12982422023954024 0.1323684497825106 0.14632282084325077
0.5 0.9; -119.82662093080862 14.324860012714261 -68.67654515929883; 0.12712337423195041 0.1322842841721387 0.14504900397486917
0.5 0.9; -121.44222719554978 13.71363894083064 -68.49836986455533; 0.1270473713895495 0.12860525377302198 0.14766752823419554
0.5 0.9; -121.31662502338155 10.648494713888347 -64.54751670274666; 0.12654828372130517 0.1271992953650751 0.14875802171194766
0.5 0.9; -116.73306986009314 6.155095221702795 -57.67834712323899; 0.12635081371721885 0.12802376466428755 0.14965282369300767
0.5 0.9; -121.24741292179068 -11.252554006358626 -57.4799812316976; 0.12530599514881205 0.12957131006735503 0.15060328482154273
0.5 0.9; -126.95801412794926 -11.178407727471253 -54.35190640716762; 0.1230465810489418 0.12957023360603354 0.15048421698490616
0.5 0.9; -127.49696211879302 -25.476441217967373 -49.55821976421032; 0.11926104379571137 0.12927124320092345 0.15528728434648642
0.5 0.9; -130.08737714970934 -27.29683393912175 -49.0974224906698; 0.11580870380805078 0.12861240992808015 0.1548417304463116
0.5 0.9; -130.26852517283177 -41.39030665068446 -39.77243530248826; 0.11869889715786558 0.12954760676878618 0.15089772759340855
0.5 0.9; -133.95231260083014 -44.96875884918943 -37.79553482140597; 0.13846084590345314 0.11828973441434049 0.11501682598360223
0.5 0.9; -135.0 -45.0 -29.999999999999993; 0.1 0.1 0.1
