0.5 0.3; 29.999999999999993 29.999999999999993 29.999999999999993; 0.2 0.2 0.2
0.5 0.3; 30.154357963520297 22.09819832297362 28.818694492465166; 0.2 0.2 0.2
0.5 0.3; 30.741540529571694 15.70334636407559 46.98737567298049; 0.2 0.2 0.2
0.5 0.3; 30.17184311898281 16.846794169419766 53.59940281303649; 0.2 0.2 0.2
0.5 0.3; 35.2864877717635 16.71974618225692 54.49568999301935; 0.2 0.2 0.2
0.5 0.3; 41.512324078306875 12.311566427393073 62.53262702279416; 0.2 0.2 0.2
0.5 0.3; 48.28833221589203 -4.156665745510735 62.64866884490152; 0.2 0.2 0.2
0.5 0.3; 50.80617661612905 -10.691961239750405 64.3961741723423; 0.2 0.2 0.2
0.5 0.3; 49.883390087641 -15.586554210089412 76.923954097094; 0.2 0.2 0.2
0.5 0.3; 50.17360127756635 -9.087251451771905 85.74829663639885; 0.2 0.2 0.2
0.5 0.3; 34.3358297406731 -8.033619867925276 93.85958042769293; 0.2 0.2 0.2
0.5 0.3; 27.135333363091497 8.258914636184548 96.1570590348443; 0.2 0.2 0.2
0.5 0.3; 26.247522436216503 17.259634097759843 96.17704926426138; 0.2 0.2 0.2
0.5 0.3; 26.303366767395374 18.265848277665327 102.61604983606712; 0.2 0.2 0.2
0.5 0.3; 24.655776522924977 24.106998006299854 105.16601565074654; 0.2 0.2 0.2
0.5 0.3; 24.792742045986127 30.223661437091977 105.04105187910967; 0.2 0.2 0.2
0.5 0.3; 9.245154743407669 33.129057828615444 102.76754566917181; 0.2 0.2 0.2
0.5 0.3; 8.62936189360006 50.950938145582256 101.78991884717662; 0.2 0.2 0.2
0.5 0.3; 13.171342004301696 60.897850729950555 100.57519258451234; 0.2 0.2 0.2
0.5 0.3; 12.56153818370788 69.45591855254138 83.3975227653168; 0.2 0.2 0.2
0.5 0.3; 6.328870493123526 76.96597240698692 83.51229744775691; 0.2 0.2 0.2
0.5 0.3; 10.049473355251179 77.17647495914322 76.6380355719555; 0.2 0.2 0.2
0.5 0.3; 11.592860300846175 88.6880719000086 72.58705799994894; 0.2 0.2 0.2
0.5 0.3; 18.08509147213248 88.10125575715502 65.48462631519604; 0.2 0.2 0.2
0.5 0.3; 18.22608392701904 112.09127541112585 62.7933003084773; 0.2 0.2 0.2
0.5 0.3; 18.017930778288505 112.52059327743196 62.356079590409045; 0.2 0.2 0.2
0.5 0.3; 28.59448781653063 104.59296197668716 55.8620570923543; 0.2 0.2 0.2
0.5 0.3; 35.58847994402674 105.34307125198916 57.191659951288614; 0.2 0.2 0.2
0.5 0.3; 50.722850656386825 100.78640135452213 57.452227006051515; 0.2 0.2 0.2
0.5 0.3; 48.77443043259305 96.4958042009107 55.64122686602342; 0.2 0.2 0.2
0.5 0.3; 57.44408489995016 101.25994184261963 53.28211276678375; 0.2 0.2 0.2
0.5 0.3; 67.18457631494205 100.2500646017351 57.56168564343355; 0.2 0.2 0.2
0.5 0.3; 73.57980591162654 89.10153463914678 49.68453572340526; 0.2 0.2 0.2
0.5 0.3; 85.70810702242721 83.0230886324721 50.55932092552484; 0.2 0.2 0.2
0.5 0.3; 95.89231304524266 80.36065745676146 50.28418752047723; 0.2 0.2 0.2
0.5 0.3; 93.28726134931192 59.199479820271044 52.606658624025904; 0.2 0.2 0.2
0.5 0.3; 106.72467143852384 56.89120093444833 47.39919017503687; 0.2 0.2 0.2
0.5 0.3; 106.58712745096734 46.177404283234544 46.564545271798025; 0.2 0.2 0.2
0.5 0.3; 111.196686891998 31.456961023088994 45.212351144802106; 0.2 0.2 0.2
0.5 0.3; 110.8101540158623 14.141296239024253 50.14054861865255; 0.2 0.2 0.2
0.5 0.3; 117.52212622037862 6.59660996218107 51.49727139800279; 0.2 0.2 0.2
0.5 0.3; 115.93687621233319 -4.4312571755553085 49.04463285168272; 0.2 0.2 0.2
0.5 0.3; 114.6937679612651 -8.535223941726258 42.257516074226324; 0.2 0.2 0.2
0.5 0.3; 126.5686423315826 -9.412350499258313 37.93392879924483; 0.2 0.2 0.2
0.5 0.3; 133.33228816855132 -13.78912377918071 37.933721291386554; 0.2 0.2 0.2
0.5 0.3; 133.44986405899778 -17.201965470222472 22.679986757971204; 0.2 0.2 0.2
0.5 0.3; 134.14402161254114 -18.642933928303894 5.804082493367722; 0.2 0.2 0.2
0.5 0.3; 136.5161583764022 -24.626440081769914 -2.876293760036514; 0.2 0.2 0.2
0.5 0.3; 151.21975848859026 -30.53310815774664 -5.411437061692509; 0.2 0.2 0.2
0.5 0.3; 150.00000000000003 -29.999999999999993 -29.999999999999993; 0.2 0.2 0.2
