0.5 0.3; 29.999999999999993 29.999999999999993 29.999999999999993; 0.2 0.2 0.2
0.5 0.3; 34.68693982066515 28.71798913482619 29.11373139361325; 0.2 0.2 0.2
0.5 0.3; 37.18498652676911 28.155249637820013 29.220204663588394; 0.2 0.2 0.2
0.5 0.3; 38.799381023260544 28.01470267214014 31.10022880633436; 0.2 0.2 0.2
0.5 0.3; 38.833756182023926 24.62807909413918 31.36387196120904; 0.2 0.2 0.2
0.5 0.3; 38.88368415202473 23.118462241951168 34.61951582388654; 0.2 0.2 0.2
0.5 0.3; 38.98899897592427 23.117561318107665 37.725149752197645; 0.2 0.2 0.2
0.5 0.3; 40.879670721260254 22.46373055350653 41.209023248001046; 0.2 0.2 0.2
0.5 0.3; 41.06539169328913 22.386119308678765 41.61976180898625; 0.2 0.2 0.2
0.5 0.3; 40.66676175705449 19.040362302541226 42.198351156137136; 0.2 0.2 0.2
0.5 0.3; 36.15009916193224 17.074516466463002 42.236365501348416; 0.2 0.2 0.2
0.5 0.3; 36.120732019759394 13.418511308893379 42.260733462383584; 0.2 0.2 0.2
0.5 0.3; 35.680754702273575 13.16399235906417 42.57240947770052; 0.2 0.2 0.2
0.5 0.3; 35.3737314222893 12.82886155980087 47.22137145197956; 0.2 0.2 0.2
0.5 0.3; 35.09292511471609 11.11215595383511 51.68409563700279; 0.2 0.2 0.2
0.5 0.3; 35.08595713465219 10.354238169672955 55.06881779930353; 0.2 0.2 0.2
0.5 0.3; 35.086019567502014 8.893979779250492 56.78452784830903; 0.2 0.2 0.2
0.5 0.3; 35.08245917943426 8.895358245744843 60.6793351860003; 0.2 0.2 0.2
0.5 0.3; 32.941882814985306 9.942680274434139 61.89486634689126; 0.2 0.2 0.2
0.5 0.3; 26.454691952848364 10.032635880436159 61.46859747856912; 0.2 0.2 0.2
0.5 0.3; 22.68936142744839 10.083716700603802 64.40351668861658; 0.2 0.2 0.2
0.5 0.3; 22.687209966909283 10.121931048639876 64.41489455327263; 0.2 0.2 0.2
0.5 0.3; 21.615297734803658 10.123828765385934 67.54784106300883; 0.2 0.2 0.2
0.5 0.3; 18.942239366534594 10.372409301449514 67.58197560815562; 0.2 0.2 0.2
0.5 0.3; 18.9422374921883 10.445928495349527 71.78238961524565; 0.2 0.2 0.2
0.5 0.3; 18.732751512110188 13.322583440858919 71.80313526505971; 0.2 0.2 0.2
0.5 0.3; 18.874017691814334 14.191059909839444 73.73583006588663; 0.2 0.2 0.2
0.5 0.3; 18.572725706404658 14.475670479723616 75.67484057630294; 0.2 0.2 0.2
0.5 0.3; 11.995081570236186 14.631774859531289 75.69467766426278; 0.2 0.2 0.2
0.5 0.3; 11.995109334822224 14.601292101336087 80.06581577568505; 0.2 0.2 0.2
0.5 0.3; 11.734837453792688 14.963250348967978 82.31944656960056; 0.2 0.2 0.2
0.5 0.3; 12.363093407678218 15.323605928997422 87.581170387861; 0.2 0.2 0.2
0.5 0.3; 12.363114760376497 21.132733013191494 87.81505707103054; 0.2 0.2 0.2
0.5 0.3; 12.330961815756075 22.059809030716714 88.0443465514008; 0.2 0.2 0.2
0.5 0.3; 12.498986955381703 26.671191159994798 88.07792981033755; 0.2 0.2 0.2
0.5 0.3; 12.411666185952646 28.685703004576517 88.07904032662977; 0.2 0.2 0.2
0.5 0.3; 12.59061602715275 31.39075486582862 88.26891783085317; 0.2 0.2 0.2
0.5 0.3; 12.543190613069294 32.05883199727557 88.3242322238034; 0.2 0.2 0.2
0.5 0.3; 14.93018016668128 35.921320149389565 88.22162535971854; 0.2 0.2 0.2
0.5 0.3; 14.908054300475756 36.06951301464468 88.252577183418; 0.2 0.2 0.2
0.5 0.3; 14.915083440432664 39.99221359352723 87.89536742978687; 0.2 0.2 0.2
0.5 0.3; 15.051717907049389 41.62537259855316 88.25321077256068; 0.2 0.2 0.2
0.5 0.3; 15.164781748006284 42.83249775100441 88.5138197468913; 0.2 0.2 0.2
0.5 0.3; 13.990883392844355 43.100108457335914 92.75743858476643; 0.2 0.2 0.2
0.5 0.3; 14.255263762076526 43.35845697583092 95.53386633869619; 0.2 0.2 0.2
0.5 0.3; 15.076586424188049 43.362117954901095 99.14742594133794; 0.2 0.2 0.2
0.5 0.3; 15.088841926206403 44.188522890921746 103.85148087198195; 0.2 0.2 0.2
0.5 0.3; 15.988101401655376 46.63851340463719 105.85692131701458; 0.2 0.2 0.2
0.5 0.3; 17.449279885763776 47.211365507408736 105.87966558262245; 0.2 0.2 0.2
0.5 0.3; 17.616598456093993 48.41591596073529 108.1956482294279; 0.2 0.2 0.2
0.5 0.3; 19.795781907038446 48.51622012310357 110.27822313736951; 0.2 0.2 0.2
0.5 0.3; 19.521580265451227 47.30520787339725 114.18543899936458; 0.2 0.2 0.2
0.5 0.3; 21.75819504643328 52.09517964511538 114.18597431412041; 0.2 0.2 0.2
0.5 0.3; 25.978175139266284 52.12530740354955 114.27622537508934; 0.2 0.2 0.2
0.5 0.3; 26.211763169270643 57.06368230811775 114.27530134594022; 0.2 0.2 0.2
0.5 0.3; 29.359535127635635 58.747273601256474 115.59269889371349; 0.2 0.2 0.2
0.5 0.3; 31.546961260141273 58.768000556911396 115.31856119476352; 0.2 0.2 0.2
0.5 0.3; 31.703571964485562 58.97602089268438 116.55611631264138; 0.2 0.2 0.2
0.5 0.3; 32.37112318573458 60.09813333443619 117.33574008091024; 0.2 0.2 0.2
0.5 0.3; 34.45679931868576 62.37896895269793 117.57237527129415; 0.2 0.2 0.2
0.5 0.3; 32.88049678274801 63.88639218844877 119.27936427496819; 0.2 0.2 0.2
0.5 0.3; 31.429536198840008 64.97055353463242 119.80114393798145; 0.2 0.2 0.2
0.5 0.3; 31.428032190460176 65.25726472656065 119.74389322146163; 0.2 0.2 0.2
0.5 0.3; 32.711504784887126 67.82945337214817 119.7505612669847; 0.2 0.2 0.2
0.5 0.3; 32.320572234296726 71.20440257080284 120.16088376800016; 0.2 0.2 0.2
0.5 0.3; 30.0249038630663 72.64481365079435 120.26135261898715; 0.2 0.2 0.2
0.5 0.3; 30.271903839161688 75.57698390756286 121.94255288084675; 0.2 0.2 0.2
0.5 0.3; 33.94077778588172 75.89729995389878 121.98112447192847; 0.2 0.2 0.2
0.5 0.3; 33.98106493123613 77.44952576262668 121.9586220766018; 0.2 0.2 0.2
0.5 0.3; 34.07524772074726 77.84303796625568 120.45737964909853; 0.2 0.2 0.2
0.5 0.3; 34.325190219628816 83.11198199722475 120.41349841554978; 0.2 0.2 0.2
0.5 0.3; 34.460569817785775 89.26619806018508 120.4376291327908; 0.2 0.2 0.2
0.5 0.3; 30.49819895211216 89.26917688018955 120.34775702463531; 0.2 0.2 0.2
0.5 0.3; 30.2381202086339 89.3413047393635 119.09263412486543; 0.2 0.2 0.2
0.5 0.3; 30.10695900453333 91.625498372634 115.8081923248735; 0.2 0.2 0.2
0.5 0.3; 29.691391118169353 92.43249302533269 115.10219014357025; 0.2 0.2 0.2
0.5 0.3; 29.680045215526867 95.09651798906008 114.15539091125167; 0.2 0.2 0.2
0.5 0.3; 29.68058525570783 95.09652391347052 112.2957182810961; 0.2 0.2 0.2
0.5 0.3; 34.341455545107564 95.01946018603263 112.34861121923733; 0.2 0.2 0.2
0.5 0.3; 35.15702938783117 94.85324135579192 108.54554570500189; 0.2 0.2 0.2
0.5 0.3; 35.08943290415317 94.51193783102723 102.921026255096; 0.2 0.2 0.2
0.5 0.3; 37.574179637079006 93.36118010260198 102.1627027720076; 0.2 0.2 0.2
0.5 0.3; 37.61678186862518 87.18074771211016 102.16219451517702; 0.2 0.2 0.2
0.5 0.3; 43.081842012552706 87.3586081073452 101.16810898227439; 0.2 0.2 0.2
0.5 0.3; 45.40122345587802 87.78981946591519 98.76464462462557; 0.2 0.2 0.2
0.5 0.3; 48.96405707275388 88.10863625931776 96.77445029735878; 0.2 0.2 0.2
0.5 0.3; 48.98008388208013 88.35351590637232 93.33410525885218; 0.2 0.2 0.2
0.5 0.3; 49.81296707947942 88.73374766095866 88.66108898121533; 0.2 0.2 0.2
0.5 0.3; 53.11405565099769 89.06543884671648 88.92254048590421; 0.2 0.2 0.2
0.5 0.3; 55.81373195874147 89.156183896924 85.4155888031627; 0.2 0.2 0.2
0.5 0.3; 55.81420378037774 84.40191014042831 85.2402759697446; 0.2 0.2 0.2
0.5 0.3; 57.92892459630177 83.09626953659154 86.08145067613414; 0.2 0.2 0.2
0.5 0.3; 64.89010554007056 83.0930518379037 86.13894731403552; 0.2 0.2 0.2
0.5 0.3; 64.93620848499343 83.13916255581705 87.11011009708255; 0.2 0.2 0.2
0.5 0.3; 67.35764233564788 80.20635161299232 86.90185151710592; 0.2 0.2 0.2
0.5 0.3; 69.68864784747748 80.3862060839039 86.73763726062401; 0.2 0.2 0.2
0.5 0.3; 71.77974180063313 80.14927819955243 86.62141195065163; 0.2 0.2 0.2
0.5 0.3; 71.40998835504358 78.77837679777336 86.53403993472541; 0.2 0.2 0.2
0.5 0.3; 74.28795098289683 78.7210485987871 85.96123681896616; 0.2 0.2 0.2
0.5 0.3; 74.39314207729986 78.53821132325365 84.87876135905397; 0.2 0.2 0.2
0.5 0.3; 74.70700793322062 78.46662952057302 78.91011482923648; 0.2 0.2 0.2
0.5 0.3; 75.07154871065045 77.98906666582084 78.90868903662565; 0.2 0.2 0.2
0.5 0.3; 75.06778953644319 72.3161110203008 78.71755023532259; 0.2 0.2 0.2
0.5 0.3; 76.21370935939899 69.95034338506008 75.92836500998871; 0.2 0.2 0.2
0.5 0.3; 76.8709812629851 69.87717985815736 74.53853927112172; 0.2 0.2 0.2
0.5 0.3; 78.2747269037013 69.82325273321767 74.51752230308465; 0.2 0.2 0.2
0.5 0.3; 78.37994591313458 65.41029492094492 74.29004539196698; 0.2 0.2 0.2
0.5 0.3; 79.95749897529078 65.12421515501974 70.74080006355622; 0.2 0.2 0.2
0.5 0.3; 82.20540347040932 65.21792679680848 67.24739248515719; 0.2 0.2 0.2
0.5 0.3; 82.355013920501 68.22118542712525 66.03058926724; 0.2 0.2 0.2
0.5 0.3; 82.70722355178093 69.48741877776564 62.16905566442032; 0.2 0.2 0.2
0.5 0.3; 82.72893648585115 69.41757552440336 57.444003614188276; 0.2 0.2 0.2
0.5 0.3; 85.71858393924897 71.66328764240133 56.47403554459249; 0.2 0.2 0.2
0.5 0.3; 85.3141682589477 71.67998973378374 51.63691756467857; 0.2 0.2 0.2
0.5 0.3; 87.18458577524596 70.53911141646724 48.04876812300119; 0.2 0.2 0.2
0.5 0.3; 87.09037101061303 69.71370829411815 43.110898421986306; 0.2 0.2 0.2
0.5 0.3; 87.42512660239719 66.52477693580914 39.905460286357325; 0.2 0.2 0.2
0.5 0.3; 87.43740514564219 61.88495220136291 39.536601200113935; 0.2 0.2 0.2
0.5 0.3; 88.15066306681166 60.4370903310876 39.497622387148155; 0.2 0.2 0.2
0.5 0.3; 87.07460526501552 58.312478436045915 35.71195681205527; 0.2 0.2 0.2
0.5 0.3; 87.64591266905019 58.57385701047616 34.04410854009081; 0.2 0.2 0.2
0.5 0.3; 89.14963101812234 58.44146106258897 33.32322412120362; 0.2 0.2 0.2
0.5 0.3; 89.40369212044867 57.468573123069575 27.897876138566456; 0.2 0.2 0.2
0.5 0.3; 90.85426262870804 57.19990913266803 27.820275988712105; 0.2 0.2 0.2
0.5 0.3; 92.33346962965365 53.129830202642495 27.698087260918964; 0.2 0.2 0.2
0.5 0.3; 92.46817853470323 51.39387295357966 27.698022047589745; 0.2 0.2 0.2
0.5 0.3; 91.99173377114572 51.37877234111646 22.137121676976957; 0.2 0.2 0.2
0.5 0.3; 92.41525064347688 48.78222594344446 19.90881780688567; 0.2 0.2 0.2
0.5 0.3; 92.41079641029215 48.474302257363796 15.678352478779548; 0.2 0.2 0.2
0.5 0.3; 92.081896176669 48.57098720155378 11.822109705237539; 0.2 0.2 0.2
0.5 0.3; 92.49406227555525 48.512631540208666 10.416010966153724; 0.2 0.2 0.2
0.5 0.3; 92.70099215641851 48.22212814168424 8.647358692997836; 0.2 0.2 0.2
0.5 0.3; 94.5525413800796 48.22073064590732 6.9970944134860344; 0.2 0.2 0.2
0.5 0.3; 94.5529005201196 47.73323334648476 5.681328740995464; 0.2 0.2 0.2
0.5 0.3; 94.6544680417715 44.93291456331058 4.88876061461411; 0.2 0.2 0.2
0.5 0.3; 94.43958278230359 44.82721959229295 4.5097355435774; 0.2 0.2 0.2
0.5 0.3; 95.11332974101458 44.56533793613488 4.061910618267284; 0.2 0.2 0.2
0.5 0.3; 95.8492201319371 44.164676243040326 -0.075232206177571; 0.2 0.2 0.2
0.5 0.3; 95.72491703051085 44.14697887133734 -2.0930586747136872; 0.2 0.2 0.2
0.5 0.3; 95.8276639829734 43.54117110592289 -2.7509447562802047; 0.2 0.2 0.2
0.5 0.3; 95.41876623118148 40.039693381532096 -3.4758675740023173; 0.2 0.2 0.2
0.5 0.3; 95.60148649201149 37.45694724805464 -3.4758665658597625; 0.2 0.2 0.2
0.5 0.3; 95.8591969064698 36.88651489414746 -9.477048521956098; 0.2 0.2 0.2
0.5 0.3; 95.975375577456 37.009771009426835 -12.2566821701719; 0.2 0.2 0.2
0.5 0.3; 97.00602448626836 36.350378363445316 -13.911332314970712; 0.2 0.2 0.2
0.5 0.3; 97.03510597716998 35.95774886079268 -19.014132521694417; 0.2 0.2 0.2
0.5 0.3; 97.63777670762414 33.96302146404923 -19.01431658294446; 0.2 0.2 0.2
0.5 0.3; 99.64007832966817 32.68166499110322 -19.567985534616945; 0.2 0.2 0.2
0.5 0.3; 100.13756188654942 31.316050361479494 -22.302140248978937; 0.2 0.2 0.2
0.5 0.3; 100.4483389412843 29.960795620065557 -25.465509422018233; 0.2 0.2 0.2
0.5 0.3; 105.3249789857231 30.13120771439311 -26.387808704576745; 0.2 0.2 0.2
0.5 0.3; 109.7221363185009 29.90351977406235 -26.445101049338014; 0.2 0.2 0.2
0.5 0.3; 110.03668897210689 26.846529532357017 -26.49995851375224; 0.2 0.2 0.2
0.5 0.3; 110.1030908085818 24.878861264074718 -30.400065179068324; 0.2 0.2 0.2
0.5 0.3; 110.11692140418681 24.77594053194231 -33.72465144111699; 0.2 0.2 0.2
0.5 0.3; 116.62122327862927 24.615250905250765 -33.72059241708271; 0.2 0.2 0.2
0.5 0.3; 120.55397348834103 24.111308720702553 -33.43486110317477; 0.2 0.2 0.2
0.5 0.3; 121.33897329872163 24.105070353463844 -33.46756422970861; 0.2 0.2 0.2
0.5 0.3; 121.68311965978002 18.73055999827823 -33.49965683792178; 0.2 0.2 0.2
0.5 0.3; 121.69479653460743 16.42038101420955 -35.715614796321105; 0.2 0.2 0.2
0.5 0.3; 122.46454719629153 14.79726405299167 -33.61103341919851; 0.2 0.2 0.2
0.5 0.3; 124.53246914865201 14.5749241370936 -33.358043369012165; 0.2 0.2 0.2
0.5 0.3; 125.22483183110737 13.944955281883043 -32.96933615542605; 0.2 0.2 0.2
0.5 0.3; 129.13209090217552 13.547797511260516 -32.73246895531544; 0.2 0.2 0.2
0.5 0.3; 129.23990246377483 7.49306154374293 -33.3440809433992; 0.2 0.2 0.2
0.5 0.3; 133.15084294401828 7.4847271772672554 -32.21546614069763; 0.2 0.2 0.2
0.5 0.3; 136.50403124321966 6.403019189220879 -30.436390648729358; 0.2 0.2 0.2
0.5 0.3; 137.07773092495023 4.282498523463672 -29.451369303072223; 0.2 0.2 0.2
0.5 0.3; 137.8564364984074 4.280938814183483 -29.0660854043235; 0.2 0.2 0.2
0.5 0.3; 138.5897894027456 1.312434886759485 -28.879119900422168; 0.2 0.2 0.2
0.5 0.3; 137.36321677257567 -2.217556592625344 -28.87424332458715; 0.2 0.2 0.2
0.5 0.3; 137.40345083666816 -6.807381559286937 -27.99431353197387; 0.2 0.2 0.2
0.5 0.3; 140.9175756364347 -8.451020503220539 -28.105504474186063; 0.2 0.2 0.2
0.5 0.3; 141.07680059352953 -9.667080152691092 -28.147495479458286; 0.2 0.2 0.2
0.5 0.3; 141.51755712828324 -14.648264889587134 -28.611234770020683; 0.2 0.2 0.2
0.5 0.3; 141.55498405780259 -19.31822993554506 -29.348079622944372; 0.2 0.2 0.2
0.5 0.3; 141.65216003828206 -24.34696397897968 -29.363194260212442; 0.2 0.2 0.2
0.5 0.3; 144.27740207128258 -24.546421305687076 -30.443851159456273; 0.2 0.2 0.2
0.5 0.3; 144.37159320307097 -25.092556395921857 -35.7778828906531; 0.2 0.2 0.2
0.5 0.3; 147.47439145682085 -24.348978825533262 -35.75992234662043; 0.2 0.2 0.2
0.5 0.3; 147.46699309729263 -24.524654559770582 -35.091049999374455; 0.2 0.2 0.2
0.5 0.3; 147.893924343076 -25.149294290214616 -35.09107597947014; 0.2 0.2 0.2
0.5 0.3; 149.97326467578623 -25.20782601138518 -30.252127727691306; 0.2 0.2 0.2
0.5 0.3; 150.00000000000003 -29.999999999999993 -29.999999999999993; 0.2 0.2 0.2
