0.5 0.3; 29.999999999999993 29.999999999999993 29.999999999999993; 0.2 0.2 0.2
0.5 0.3; 29.9401107950803 30.29105838096886 15.138603095022708; 0.19125797520028845 0.19405107842820343 0.18647814361853413
0.5 0.3; 30.25203358251007 28.636045089565574 4.277029764542418; 0.1677744150760363 0.18618169987743005 0.14113794071831776
0.5 0.3; 37.339517617503795 32.725529038818216 -6.720949524101827; 0.16796827987160712 0.17915973065556556 0.1417890355583367
0.5 0.3; 37.449717738580304 39.43202060335093 -14.173889160714236; 0.17847534390475414 0.17312863644297147 0.1417851518721148
0.5 0.3; 36.674674262665235 53.958509617388145 -25.099880486160426; 0.1786103066182962 0.18430365672619406 0.13481227270348506
0.5 0.3; 34.49195046180724 61.75166692837297 -38.94891418475783; 0.17889240674126014 0.1829516428835835 0.15062129579893938
0.5 0.3; 35.316555592843976 61.84919260489756 -47.33575587848932; 0.15822698607980853 0.18239038065859833 0.168837342962246
0.5 0.3; 35.29351154166465 45.53205268093969 -52.43499385254256; 0.1587824947327936 0.18071723474632229 0.16690995789425145
0.5 0.3; 35.44035393555075 38.2075252551741 -68.45674613188798; 0.15860717098189842 0.17625896473243388 0.16573395710857403
0.5 0.3; 40.349584081885254 35.48933709848835 -71.7095192130857; 0.159152766639507 0.17626520154189107 0.16578934675200385
0.5 0.3; 52.320726924709355 29.34966040721365 -73.63459895929287; 0.15905269725134227 0.17099667620908418 0.162113229158964
0.5 0.3; 60.20805955789749 22.633127400163335 -69.74346364723932; 0.17538577691856422 0.11596802146499433 0.16678274981142216
0.5 0.3; 75.27598957675028 21.81036475747689 -65.05347901500598; 0.16252085870485578 0.11272780754032755 0.1591195865868832
0.5 0.3; 75.48998543580281 20.376872165891196 -45.478131991171765; 0.1626344262092897 0.13538650115452178 0.1592659177578488
0.5 0.3; 76.69518392452946 16.399353518996232 -47.0554631759996; 0.16259685947558342 0.13735486348315548 0.15935976485830083
0.5 0.3; 91.28458816666961 13.854234876466473 -47.81000124366505; 0.1644509011812027 0.13731972663207076 0.15936125480537935
0.5 0.3; 103.78074700672316 3.568061871452084 -46.942394527146284; 0.16618008710820728 0.1289843794527806 0.15947660364888383
0.5 0.3; 106.24087287654937 1.8744796846866436 -45.06222234771059; 0.17161417907104054 0.13063552183072094 0.17487449243742292
0.5 0.3; 114.51919788443772 -0.81561256486341 -42.42329816183621; 0.16822475618231328 0.15763881875268768 0.1749254256285383
0.5 0.3; 121.94868501809616 -14.287367841285615 -45.24387858469964; 0.16843088809633006 0.14715592902802438 0.1752670123192431
0.5 0.3; 137.331579361532 -15.33835197998175 -44.72389759748156; 0.17800710380987425 0.16573894700461578 0.17656187534188894
0.5 0.3; 137.36793798697263 -35.64674273427152 -39.15777766833761; 0.18478168238382037 0.17109038940414928 0.1859195344252433
0.5 0.3; 145.57462776612587 -35.432073565279744 -36.24791549030806; 0.18431376478036837 0.1699575543068621 0.18604297806118975
0.5 0.3; 150.00000000000003 -29.999999999999993 -29.999999999999993; 0.2 0.2 0.2
