0.57 0.69; -146.56849531944084 -44.68636573400739 19.256295039568624 123.28330984027424; 0.147915484174163 0.1998246755162877 0.12143547584259531 0.17380554631800468
0.57 0.69; -146.56753343612857 -44.78685306167072 19.254572489642868 120.45182690854874; 0.14791419444699982 0.19979438278222503 0.12143534784376815 0.17377843195524958
0.57 0.69; -146.46161108812598 -40.305213060438085 19.241919646315534 120.44364914764098; 0.14858011908188323 0.1997923228856047 0.12138740720785651 0.1737717683594179
0.57 0.69; -153.20390662592763 -40.13028386880593 19.254843036095163 120.48059095172525; 0.14858158320540055 0.19976795857328022 0.1213874189189609 0.1735296439743818
0.57 0.69; -154.5591639306605 -40.28891823409657 18.934428369661667 116.70748028369873; 0.1486192822934412 0.1995616252095992 0.12143430802741288 0.17352326703171492
0.57 0.69; -154.56518810624286 -37.5688072097749 18.801747811572433 116.62701957988143; 0.14828982760591464 0.19951639266326182 0.12159896489018047 0.1734478467902025
0.57 0.69; -155.06936269948716 -36.347215326277976 15.912009650475015 115.48087229219938; 0.14888315271562447 0.1990674124564627 0.12265237737879849 0.164677129562264
0.57 0.69; -156.5391973658104 -35.30088131978596 14.390881043475478 114.61092452628027; 0.1430594948622742 0.19880998856153992 0.12279582045119038 0.16467330656209417
0.57 0.69; -156.95183069530316 -35.312724454454546 14.23862950113746 107.70663662430007; 0.14330057261460033 0.1980786725597877 0.12432316272778375 0.16472946881416625
0.57 0.69; -156.4518603580402 -35.00212898680208 14.215971336889545 100.31025973092403; 0.14325654951411185 0.19773257705240796 0.12529884238656042 0.16471626848160084
0.57 0.69; -156.44804430492678 -34.94018594314251 14.216032714709735 96.05247614514765; 0.1432566014588196 0.1976532299509967 0.12529972239926782 0.16471626471541181
0.57 0.69; -158.05119235242003 -33.89331536681794 13.463623245937132 96.04582011217643; 0.14325405006166572 0.1965526798925912 0.12529979250380116 0.16459990159386756
0.57 0.69; -158.52042612407905 -34.58504355528607 13.315288430216308 94.54566417548979; 0.14326021930553368 0.19604783415947655 0.12530025387001875 0.16438102616783024
0.57 0.69; -158.77547293887542 -31.32040326298946 10.73070047928594 94.54557130228336; 0.1431607167306342 0.19468205036065678 0.12551323158453073 0.1646483800065506
0.57 0.69; -158.67116399775037 -31.221019817594534 10.699180040041668 90.33654926518793; 0.1439143153145627 0.1856685881724212 0.12681435217854284 0.1646471216222786
0.57 0.69; -158.89874746659032 -30.423627800159473 10.702964892090996 89.0752326796286; 0.14449677868920632 0.1848080606276802 0.1266400182159631 0.16464656817631554
0.57 0.69; -159.76126517183792 -30.416946983831362 7.342721378968915 86.12418310068911; 0.1444952364365633 0.1822223817545742 0.1280447783933021 0.16466530861098483
0.57 0.69; -160.40346380451197 -30.443798772026362 7.036356753235689 79.72023450107271; 0.1444959620057337 0.17673729941791438 0.12752985920446136 0.16444664747323054
0.57 0.69; -160.40046513616946 -29.57492141496138 0.6784419412850327 78.39369163550508; 0.14447614505527467 0.17672386319494165 0.12746816961496213 0.16514980875384064
0.57 0.69; -160.40189426956073 -29.239042354425944 0.6443316317930524 77.35739767276822; 0.14447654165893728 0.17623806270206513 0.1274681472566035 0.16512846642464482
0.57 0.69; -159.54587910974473 -28.302255734697706 -2.484225222310683 75.46724067011989; 0.14442091536593585 0.17621734208504045 0.12776919252652652 0.1649441559507854
0.57 0.69; -159.5112404050281 -27.87928461923213 -2.7316021279242317 68.93268740386092; 0.14442889648377655 0.17621706023208328 0.12803917663568054 0.16522138517147372
0.57 0.69; -156.97535677498425 -26.343112554748892 -4.564148076822468 68.91529511722861; 0.14445871371360927 0.1687184663776979 0.12802543468823555 0.16568045155001826
0.57 0.69; -157.54029099019928 -24.269551465158152 -4.5678079850243 68.66272987993631; 0.14440101469795247 0.16858607792599087 0.12873033260529732 0.1656669569696536
0.57 0.69; -158.1296866478109 -24.224105920725258 -10.032090716281633 68.46228517034814; 0.1445010286375334 0.1685932055440487 0.13132916330138528 0.16549279248444046
0.57 0.69; -159.38770197253663 -22.968048312932144 -10.844192883383744 62.67025836093619; 0.14453644769245852 0.16859414413830429 0.13116043710256944 0.1631109288093028
0.57 0.69; -159.19066465626517 -22.30980139195656 -14.76556569802437 62.442847139665254; 0.14451031495358926 0.1685858833285158 0.13315262763063315 0.16456554711998497
0.57 0.69; -159.1906073522755 -22.54403685909179 -15.306655571042304 62.35603742079193; 0.14451023676907773 0.16857660802474075 0.13316667714516645 0.1645160819243322
0.57 0.69; -162.3698429839088 -22.521269858913527 -15.321937624903695 61.17775281717246; 0.14451032708942252 0.16850790044695965 0.13313773186227904 0.16451504167127248
0.57 0.69; -162.69172310801557 -19.33478240372803 -15.533654912007437 60.42240464991668; 0.14451330495953002 0.16831359825889927 0.13319233827562074 0.1645487514599353
0.57 0.69; -162.62938249751187 -15.311169177316971 -15.53364958164137 56.31096095635904; 0.14362303265846646 0.16824707465107488 0.1332225609611321 0.1650247024338706
0.57 0.69; -162.68593202640702 -15.29173022467811 -15.537459298484782 52.767258739592066; 0.14361827874646454 0.16824102629089493 0.1332511374058284 0.16502470089257731
0.57 0.69; -162.5895724125651 -10.865047373891702 -15.51584578568892 48.68378089315799; 0.14359183870364506 0.16758292352111287 0.132899450205977 0.16760454717339643
0.57 0.69; -159.9087676163717 -9.28258208088783 -15.50754408831755 48.31823263804378; 0.14364777709936097 0.1675184086782336 0.13290471206796534 0.1643113986967497
0.57 0.69; -159.86567402369684 -9.261824637958961 -15.530146416474672 43.79870747410335; 0.14670393217092206 0.16750070070643483 0.13292309214955736 0.16656862657743576
0.57 0.69; -158.36855225941088 -7.05161788723723 -16.78321496272068 43.700829992089275; 0.14670302068862792 0.16749623104550782 0.13334270322162328 0.16661210842959406
0.57 0.69; -158.36823340305077 -1.515711067282873 -14.759286849044464 42.495386269624525; 0.14667996463797559 0.1582400810504764 0.13332462687105237 0.16635503299762983
0.57 0.69; -160.36010072962569 0.0076503531592703 -18.657932006081474 42.33859897916775; 0.14660070195559566 0.15844844056535326 0.13329124974087223 0.16629633908731895
0.57 0.69; -163.81962915716278 2.67074418377034 -18.984361213470645 43.12599527228256; 0.1471432603279535 0.1576284027434704 0.13385041531907996 0.16260691812373254
0.57 0.69; -163.84107408248335 9.626545855657897 -17.999652380918977 42.98258774897767; 0.1483038409438674 0.15648011974655232 0.13432883853041142 0.16260695581090806
0.57 0.69; -165.67136262092072 10.35414733235158 -18.279411041485595 40.514854523998174; 0.14318894758123807 0.15654979740263789 0.1334892565120739 0.16259207734843917
0.57 0.69; -165.6134410715003 10.532676175446168 -18.68653496118275 35.635785991027454; 0.1427233706283449 0.15495901012432134 0.13348850182939065 0.1625843067071436
0.57 0.69; -171.76583898307885 10.721695963307425 -17.818898403346246 34.75788327131244; 0.14204098869173074 0.1549826373390781 0.1328637542028821 0.16246709431420944
0.57 0.69; -171.76983837700055 11.005443773203325 -17.033890076124283 28.338281164063712; 0.14197305872119043 0.15499914339695747 0.13279969884240095 0.16246640609385385
0.57 0.69; -172.6862144028165 12.496441257170321 -17.361558371007852 26.464465591855454; 0.1406873447312196 0.15495180797451055 0.13309195210243743 0.16243261471652487
0.57 0.69; -175.81115359208988 12.571724890436414 -17.358291764809895 26.400222344934285; 0.14068661941833463 0.15495199509113214 0.13305600942697413 0.16243349348910885
0.57 0.69; -176.45734184006707 13.321355549664936 -17.507846618156943 26.37197913270722; 0.1406901163492425 0.15491569174274436 0.13305492214107725 0.16244439392286644
0.57 0.69; -177.42136899464796 18.978295131224996 -17.210525897767727 25.76028831011942; 0.14244452463394366 0.15454641007022624 0.134751987284963 0.1631017869583736
0.57 0.69; -178.03939712629318 19.37579821632949 -11.292337885112328 25.46929912950694; 0.14394941355564747 0.1545403320534359 0.13510244452160497 0.16298905024255728
0.57 0.69; -179.63167087403954 21.43519015785391 -9.140492453594556 25.19311566456694; 0.14394440642418302 0.15453463605149179 0.1347065349822569 0.16273607340246102
0.57 0.69; 177.88930399353708 21.674227656856296 -7.831695093348345 24.08814934089593; 0.14409090974584873 0.15449472284846713 0.13504050309030843 0.16239112346488047
0.57 0.69; 177.8892692680836 21.67615395102537 -6.734736602782731 22.3899553477573; 0.1440865973973219 0.15449780785977418 0.13517035574153388 0.16228035612207262
0.57 0.69; 177.9074092999147 23.608589783986144 -6.000422222780627 20.789747554887324; 0.1440939486077851 0.1545368031718317 0.13517433099315668 0.16227423366391616
0.57 0.69; 175.2823007869642 26.07834237750532 -9.715479205353116 20.698654261550324; 0.14706744384815354 0.15455887407018887 0.13517042867910073 0.16225837442711422
0.57 0.69; 175.28218756410547 26.497153187118872 -9.689964620996271 20.15862811326702; 0.1457964926019279 0.15456611334210665 0.1345297987535273 0.1614995281411685
0.57 0.69; 173.85028664709773 33.255873104463014 -9.65625181104869 19.297945884181313; 0.14579481879273756 0.15443492805004586 0.13673180398770204 0.16116907653866064
0.57 0.69; 173.61864270276402 34.46359436717866 -8.50756271085192 19.26094539279033; 0.14482557743073216 0.16347174164392972 0.1369092800139009 0.16088938137360442
0.57 0.69; 172.50686074607194 34.75206649035449 -7.913508725073641 18.757237428093877; 0.14659513619160178 0.16339291330672379 0.1370693552410692 0.15971499474990225
0.57 0.69; 172.41022141300988 34.86839442224462 -9.917740592614956 17.417931888911216; 0.1508248117831011 0.16373840718000884 0.13484080943365723 0.15947749300624955
0.57 0.69; 172.37771167551287 39.711817046165734 -10.824960793823099 17.280548287159583; 0.1504612245337432 0.16356249939007347 0.13496131057004215 0.15004417679066231
0.57 0.69; 167.41947449332687 42.469877875416636 -10.971752366584713 17.26980248639533; 0.15048256934798443 0.16367285205213597 0.1410401000705849 0.15005134509090906
0.57 0.69; 166.86687304793415 43.30528245544471 -11.670021283447667 18.80628130834615; 0.15050669515337317 0.16372490671291798 0.14122630706127304 0.1500564194278615
0.57 0.69; 166.8184721480984 46.544113731823224 -11.667596908730168 19.06354136985934; 0.15051564774733506 0.1637196742645945 0.14121943311033783 0.15005640049567628
0.57 0.69; 165.57833224532777 47.076979289097366 -8.787444513608063 15.70856256949267; 0.15018270202961093 0.16871278945063609 0.14250152326008736 0.14831495939400893
0.57 0.69; 162.67189082919106 48.332651403459515 -9.000119730330912 15.244241636715186; 0.14338611733234125 0.1688150935443266 0.14162278301015693 0.14634408657864303
0.57 0.69; 161.19410061772572 49.59308784869803 -6.917763797843527 12.75192298200599; 0.14339430550604923 0.16874568937658654 0.14217612377886057 0.14630161242890946
0.57 0.69; 161.0725736904524 49.652072420917065 -12.99479798597487 12.695191775655374; 0.14416478131721228 0.1659394200641538 0.1385906833640597 0.146601478061953
0.57 0.69; 161.1799870037877 52.96469583216544 -13.140203545528953 7.497969203028037; 0.14415869238168022 0.16593693552214922 0.13880364758809316 0.1466032763197389
0.57 0.69; 161.35860289664606 53.32993244831977 -9.64550424677348 7.375169462852898; 0.14424815395347024 0.16599105892384797 0.13880030168687976 0.14657520225033036
0.57 0.69; 160.7131686926948 56.09265212612953 -9.634021600859127 7.154346515688721; 0.1442584137391987 0.16596763959760064 0.13879845604964094 0.14842304841898504
0.57 0.69; 161.54392435617473 56.33487529413126 -9.632870477288627 4.424436368294862; 0.14425190448351816 0.16582824939567303 0.13865840613817987 0.1484071134406936
0.57 0.69; 159.01341834376154 57.832869369359734 -9.636075853726613 3.2810842373902003; 0.14420873091280756 0.16009861355931607 0.13865843338680628 0.14215058315908188
0.57 0.69; 158.98872876594393 57.26559875118137 -9.4938860461489 -4.955581951279407; 0.14417422537450733 0.1600829552317124 0.13711825245465925 0.14323684927118888
0.57 0.69; 156.88086308701955 62.75419203790061 -9.50127767585467 -4.961910227926072; 0.14362947594571335 0.15981637462751222 0.13721572897837778 0.1434778879073219
0.57 0.69; 155.78234679493465 63.876469671772085 -8.892017824501874 -9.02357299978561; 0.1405235715371668 0.16132929467204266 0.1364723960494103 0.14300242017107434
0.57 0.69; 155.71689703355014 64.06933247749595 -8.507371568600702 -9.025378616415967; 0.1407016878752349 0.1612166587557593 0.13649753226896 0.14234384357478586
0.57 0.69; 155.6516457186931 64.58183160659304 -4.808790272767581 -10.002443898637766; 0.13019262026210485 0.16118559632389665 0.13712200032856056 0.14143736330366857
0.57 0.69; 155.60037521340675 64.63139914960078 -3.757593425321628 -14.329073798580156; 0.12882130174701756 0.16027602935063748 0.13860163118201152 0.14203336879504339
0.57 0.69; 155.34467450022865 65.02785718817874 -3.6773546574857097 -14.329480483157328; 0.12880366182296407 0.1608835823904519 0.1386055611599438 0.1420250527456112
0.57 0.69; 154.5673854730634 65.70000644660423 -2.5555781721036452 -18.466925356866913; 0.12862786227257744 0.15921281814106972 0.13858076431376126 0.14195148574471045
0.57 0.69; 151.7058533896592 67.43267026395871 -2.6465483274879014 -19.503643040065892; 0.13647797104242088 0.13837293011328786 0.13854744658178736 0.13671590989662863
0.57 0.69; 149.46734276654044 65.206412123346 0.4829009137366813 -19.529558902367704; 0.1362925407411284 0.13802692572057215 0.13596736601043352 0.1359801394014451
0.57 0.69; 147.3875836279037 68.99428222191831 2.6180003711979007 -19.71970558781701; 0.14086332793527737 0.13794670906888015 0.135910117051104 0.13598077157086003
0.57 0.69; 147.59598325824444 70.25944838510961 6.550809939686069 -22.31913097711223; 0.14286492430839567 0.13688107004864214 0.13470733134527585 0.13602126163201242
0.57 0.69; 144.7428050369936 68.68481558812714 6.662855405639226 -22.504725346011252; 0.14274406050835994 0.1368690613524777 0.14661175902023998 0.13614253514036942
0.57 0.69; 143.30186044754421 68.725641717543 6.642098933743192 -23.730405675042167; 0.1424141167240965 0.1366021915918385 0.1453851445802184 0.13678881811069582
0.57 0.69; 142.7806950479879 69.72045599251044 6.954299178970501 -23.828633517376794; 0.13651879084248725 0.13627974637248122 0.14480141688557374 0.13243112585395514
0.57 0.69; 142.7467220114087 71.62776234486722 9.162612161316117 -23.879501123853373; 0.13662809891159006 0.13812163163242822 0.14463496524423408 0.13265984181946877
0.57 0.69; 142.74655907505456 73.00960091524047 14.969961849820557 -25.408518194166007; 0.13586468063121251 0.14016513202543635 0.14463498544024195 0.13258820076265485
0.57 0.69; 142.63430753101653 70.61362009395654 15.802651850852913 -30.543407662673445; 0.13609097264371445 0.14054175932830149 0.14566471139568474 0.13317632813525412
0.57 0.69; 142.4632206920687 70.62211164874076 16.309079935804682 -36.62144346859083; 0.13040467996551372 0.1430826336035939 0.14434639883274505 0.13257782976317833
0.57 0.69; 141.87377227573367 69.21517050639179 16.852658478113444 -37.169430995324475; 0.1304576480090152 0.14107577125049495 0.14431948699196245 0.13285402431707682
0.57 0.69; 140.4305302358865 69.20734540555276 21.45910580983936 -37.440779180274816; 0.13044820319577616 0.14107597508243042 0.14430474357096595 0.13285365582801303
0.57 0.69; 140.9173139888925 69.23675990335559 21.483437226938165 -44.621465290360995; 0.130392819252099 0.1410765987700398 0.14464423448550562 0.1335343481844408
0.57 0.69; 140.93034914029948 68.45214286023707 27.34545754818832 -45.218696303452525; 0.13557543314975343 0.1409397857710906 0.1450095368433828 0.13347544252669233
0.57 0.69; 136.16244726624905 69.76379683626827 28.634235794638133 -45.39000596673226; 0.13697974980777597 0.14183531527890753 0.14499750080163115 0.13458208592371712
0.57 0.69; 136.15553091551138 69.12679391030466 33.559822062605285 -47.22540107567025; 0.1372464157122209 0.13760796298536287 0.14520676313734038 0.1349482793501694
0.57 0.69; 133.7243201980974 66.71420663841081 34.33166742938524 -47.08288390634419; 0.13747219313965833 0.13731914838597903 0.1461828768415077 0.13457750445838446
0.57 0.69; 133.66647312523605 65.37079700459306 39.40178425665746 -47.11157157585138; 0.13747926265797428 0.13667786512450875 0.14421676053133922 0.1343567077190071
0.57 0.69; 134.02768593627565 58.9326410713954 39.689417812785614 -47.33182392928192; 0.14048326072969047 0.13591554826914995 0.14699530162385135 0.1349515683587564
0.57 0.69; 133.66427364353441 58.78104780815849 42.22880105588162 -47.33331287555523; 0.1409270616085019 0.1346164613997994 0.14692222409728328 0.13492797685897454
0.57 0.69; 133.35964945548807 58.282544981696596 44.95590885071483 -48.30286728499226; 0.14010938477764842 0.13461998281841092 0.1468425528214743 0.1349230779678206
0.57 0.69; 133.5536093357669 58.24861158864726 45.44275614217523 -49.59470417848895; 0.14010854811822573 0.13460007618518002 0.14683793010970814 0.13594262756476563
0.57 0.69; 133.55831936501778 57.48338681641637 46.60481120103169 -49.79661793323728; 0.14057674965895758 0.1325148340782474 0.16814450950382584 0.15080081225963476
0.57 0.69; 133.5757651868578 55.2101397323683 48.09197434507235 -49.79672924740962; 0.14053257385144943 0.13251483270604347 0.1681821877504843 0.1508012179068227
0.57 0.69; 137.9269099702651 52.486135907000154 49.73638108340965 -49.788345027979425; 0.14058164445299998 0.1325137561303031 0.16817554003765436 0.15078600995715363
0.57 0.69; 138.03021660805993 51.72168115418097 49.541001943932685 -50.25354463810771; 0.13893795668199418 0.14689219883178412 0.16107138410672886 0.14270418385109
0.57 0.69; 138.07935011754554 51.47907246154932 50.15262583210538 -57.35756783179414; 0.13644205825848063 0.14689336772052716 0.15882269333571827 0.14279836289188744
0.57 0.69; 138.08058509515345 52.39026306785125 56.54212179538916 -57.51058241610962; 0.13737670850453387 0.14664720130076342 0.15376398943383446 0.14869799133586337
0.57 0.69; 138.98606901125453 52.413145290044845 57.2821353233633 -58.48106674433582; 0.13740262153769814 0.14663984885703854 0.15156098114341515 0.14872066513196178
0.57 0.69; 139.13816830933604 54.71344134719765 61.18586338859622 -59.45453942254302; 0.13897502380543988 0.14664745711091984 0.15173422349444643 0.14872964787809492
0.57 0.69; 139.95496160507102 54.714476739325576 61.243396264840314 -59.8663356935642; 0.1417057112422512 0.14416984623114934 0.151458728772312 0.14888765386727965
0.57 0.69; 140.28940369958246 54.59602526178539 61.8491755460881 -61.2990730598715; 0.14156985245344064 0.14323269930869553 0.15147760813130917 0.1514087885207606
0.57 0.69; 140.2870608347433 54.364920330865665 62.11891702240644 -65.15668562054567; 0.1395971912220849 0.14318789778416324 0.15177197380400873 0.15177319951601398
0.57 0.69; 140.3302405698646 54.288840491119345 62.170986650761776 -69.8567663795326; 0.145011113490305 0.14147451445508225 0.15177067904859937 0.1550531437563479
0.57 0.69; 140.3143890126861 55.51244735838805 62.28593457932734 -75.13692650171033; 0.1533715788628339 0.15511392496193457 0.15076699667080395 0.15458084707672898
0.57 0.69; 139.48206357210742 59.35563131897658 63.12326889108587 -75.24761809400555; 0.1534587336185545 0.1560190191458356 0.14894718467353982 0.15630386433820853
0.57 0.69; 137.85692527342928 59.361422422398526 63.245203267439024 -75.47718564156386; 0.1538915798241005 0.15494828863361024 0.15075308310495647 0.15619452053983007
0.57 0.69; 136.65806559286082 59.54834480082924 63.495546009478325 -78.10080320449472; 0.1534951314396457 0.15335498692492538 0.1505828811557489 0.15614209341429566
0.57 0.69; 136.8709543549794 60.52693285890541 63.50041652268894 -84.2383117971205; 0.15419513777252375 0.15271075752163007 0.15199938275212035 0.15597232549761
0.57 0.69; 136.2818998167974 61.31296555048429 63.470370931854944 -84.68356946197798; 0.15848112173780798 0.1517753237314456 0.15201374643246662 0.15612413484904683
0.57 0.69; 136.15943173752595 60.90842657052247 63.862672933980186 -90.69226498994199; 0.15921160076569033 0.15155986792240336 0.15304636283119613 0.15564411645115603
0.57 0.69; 136.14761920364543 62.04876385374222 63.50158115076154 -90.69747451085235; 0.1582148536366973 0.15155398429225325 0.1501554379370831 0.15380088355384644
0.57 0.69; 135.61575575652404 62.055236610032736 64.27842975897087 -92.00784576150234; 0.15839668797908077 0.15143712223640765 0.1500866672390456 0.15458461892009906
0.57 0.69; 135.32133545368504 63.056776967177996 67.11476322523525 -92.37985925506149; 0.15783344959466294 0.15225919236263843 0.15011010131897903 0.15449041465097751
0.57 0.69; 134.51755629642858 63.10720743267194 73.3489403317776 -92.83005468761031; 0.1597734280429881 0.15175421184502277 0.15003468339076023 0.18082362174003264
0.57 0.69; 134.54420164264144 63.14090000919154 75.99393343609705 -94.91996386926053; 0.16021852832807537 0.1521236638240696 0.14969757346503998 0.18065812865383352
0.57 0.69; 134.64440181191853 63.12652990459818 77.50074434636093 -101.33483849404223; 0.1602174550225457 0.15211511937712166 0.1499541020445012 0.1802096470841923
0.57 0.69; 134.55199174283206 63.140538553539294 81.8659891832838 -106.06676937150125; 0.1602888694443735 0.1521107897616589 0.14979687519263424 0.1801614488180587
0.57 0.69; 134.7864163772208 63.65474107497453 83.39547504809676 -109.16502218605756; 0.16028545666940136 0.149933663945335 0.14978652286653535 0.18010848552419026
0.57 0.69; 134.21298772097717 62.50621191014573 89.62543499306604 -109.7701167942189; 0.16025046653745356 0.14791238822568456 0.14948570563638053 0.1800909707622685
0.57 0.69; 135.57064536543112 62.49083880385307 92.51394715369088 -109.88919330146545; 0.16025047463281072 0.1478057198724567 0.14950344108044522 0.17895825841051927
0.57 0.69; 135.37619436811443 67.62964739490268 92.7975254871143 -110.7012741362729; 0.16019060017710193 0.14611243564528495 0.14956264123703347 0.17828800169907938
0.57 0.69; 133.8150438162894 72.64475484078648 92.85726551640776 -111.45571397361559; 0.15957111561360138 0.14634665830598206 0.14844909394012942 0.17487159738862093
0.57 0.69; 132.48535471730094 75.8633465086615 93.15973279494476 -111.4547122007647; 0.1595978536446798 0.1461358693513649 0.1485936970635173 0.17481671141934732
0.57 0.69; 132.1152850930054 76.36514207058059 92.00758855655576 -112.72640905268558; 0.16232749572451363 0.14655231405907262 0.13580329118977344 0.16247195531023118
0.57 0.69; 132.22540749337125 77.71087559114764 96.15580534494484 -112.83977871501786; 0.16460378584026852 0.1487560840977656 0.13834174068254534 0.1601090472209786
0.57 0.69; 127.36094749594234 77.71088964919878 96.20187143877743 -112.77215913586522; 0.16462341765740382 0.14883767126951605 0.13933141131074783 0.16010825159876488
0.57 0.69; 126.92499861824173 83.51123224914494 96.21555696616448 -112.7513744909809; 0.16311035868733828 0.14891573667961333 0.13956192548805868 0.1600629706261616
0.57 0.69; 125.15976212665761 83.6376920411705 96.20959580100282 -107.19584163164006; 0.16374809162032947 0.12914210543234061 0.13434896045907788 0.15707849476415153
0.57 0.69; 127.15991131209293 84.17794766088167 98.68287826288159 -107.04656711282796; 0.16572358269761672 0.12918883959452956 0.1349218975658929 0.15657501713452054
0.57 0.69; 127.16007202008646 85.15073380873183 98.68268358552528 -105.19832514303671; 0.1664803886045753 0.12937255745774706 0.13488651662541468 0.16103680428701783
0.57 0.69; 127.56787578792081 85.18525546367009 99.9068954073252 -105.18541194382586; 0.16657965639931488 0.1305800155943319 0.13368016754377735 0.16103629652623347
0.57 0.69; 127.65101521498627 85.19527626061252 103.03987385558834 -105.18549279354922; 0.16649543793620317 0.1307667499946674 0.13362028073177418 0.1614983019740685
0.57 0.69; 122.46685734548531 84.99039514220435 103.46953604000443 -103.27328117926986; 0.1641489579532959 0.144828188670918 0.1335633231539537 0.16665315115847468
0.57 0.69; 117.36498161939333 86.60712269477587 104.1171199102732 -103.27400543310013; 0.1606396456388313 0.148475007042757 0.133518011407974 0.1667286557864589
0.57 0.69; 117.32306353090048 84.71243122116992 106.53001136422522 -99.158948944428; 0.16060180345351124 0.14619538118155517 0.13230967453345424 0.1667308890802267
0.57 0.69; 116.87451374900333 84.57410930059805 108.90146238628068 -98.34952233646088; 0.16591237698025924 0.14505448674878296 0.1412203801091208 0.16619478733549167
0.57 0.69; 116.58408204125126 84.39259116602258 109.33414252456538 -95.88650172201169; 0.16580288900987689 0.14501856612672617 0.14160768317660558 0.16620948329700516
0.57 0.69; 116.72896886467497 84.33889816216188 114.5549048615086 -95.36089931570129; 0.16264708165989394 0.1365107262977012 0.13428879857500192 0.16131602942143372
0.57 0.69; 116.48273542415699 84.37902499162755 115.95873682651985 -95.75217326166762; 0.15990434173494047 0.145343465534309 0.1357845736345155 0.16122421965817038
0.57 0.69; 116.54161456273864 84.15818827207328 122.20083575493668 -95.74200422292772; 0.16018333057537915 0.14541840764898598 0.13576104010004356 0.16115709462596628
0.57 0.69; 116.35491523035202 83.49657061303519 124.3109557189233 -95.74566100193496; 0.16020298007861045 0.1453643161370954 0.13589375340339274 0.16119498724552694
0.57 0.69; 117.2876678217565 82.9970734787556 125.48663257690153 -95.14262274975583; 0.15943255839472492 0.14560730217877996 0.13470388345024742 0.16108147050707278
0.57 0.69; 119.78073558170676 82.99436442614419 125.5101656546702 -90.1209839774936; 0.15968801444648853 0.14562077225117803 0.12798979193203674 0.16103524576694025
0.57 0.69; 116.79540234737682 82.34832498755709 124.91921522345646 -89.21483405022688; 0.14741918403306029 0.1356358823701751 0.157046235019437 0.1589764932246322
0.57 0.69; 117.6835624214759 79.03972480522825 122.7203033204384 -89.20072738208486; 0.12767694537712748 0.13809210416255732 0.1578383975070115 0.16437632949056544
0.57 0.69; 123.15010614446714 78.54841421689316 122.44424205226527 -89.20290725316602; 0.1277381918413833 0.1382039372526063 0.15778565063243702 0.1643517620640664
0.57 0.69; 125.1145953067053 78.97339235699827 119.49120471650815 -89.09559400772574; 0.13072184395591205 0.1348597926795083 0.15773648552949673 0.164428477432583
0.57 0.69; 125.0763022469494 77.96942126094727 116.99396681269789 -88.63675106315995; 0.1499311193027027 0.12837877496604205 0.16644369811596746 0.16312980697605184
0.57 0.69; 125.07628575023666 77.74929434985268 116.99174588840226 -80.16783215832845; 0.1499430927550998 0.12838351255603578 0.1682223488174792 0.16270193567851898
0.57 0.69; 125.19522960564233 76.4120999761322 116.97223390686668 -77.78776769951567; 0.15048461399896407 0.12740755170755344 0.16498033936848888 0.1631495225271272
0.57 0.69; 125.189867818533 79.80908703242832 114.22420908587895 -75.95956141015103; 0.1471263639018232 0.1336424592107251 0.16305809022922843 0.16292982218287436
0.57 0.69; 125.21365558914424 79.79902246386597 114.22062748813889 -68.37813364458407; 0.1473111928948631 0.13363470453528672 0.163893200512806 0.16315160404377552
0.57 0.69; 125.71124427857501 78.36504033751507 110.2408025949617 -66.81041079308409; 0.14972095957171727 0.13042868238414454 0.17028897172461938 0.16186213283275674
0.57 0.69; 126.14171925992805 79.20726437465613 109.95730732441814 -66.37106125611321; 0.15106103886101252 0.12965080285867459 0.17028162103525432 0.16231706622732592
0.57 0.69; 127.4838945171451 79.23140275625082 105.75841419235661 -67.69620834717641; 0.14943225860501883 0.13272223195633107 0.15683396134850647 0.14612725967296808
0.57 0.69; 127.48333537505991 79.24052406493252 97.13595873422084 -67.08182140768325; 0.14943396907979706 0.13283658464929116 0.15688130266645703 0.14612645266177599
0.57 0.69; 127.48487966927694 84.20210524457596 97.00714413880624 -63.17528034431576; 0.14962674534483786 0.13293516260450625 0.15642875002854711 0.14598133068411956
0.57 0.69; 129.80401285649052 86.08922041016795 96.57567788399535 -61.579758109549445; 0.14963653209435568 0.1329349822797292 0.15688182006073656 0.1458724170219848
0.57 0.69; 129.80409705813358 86.16080797342265 96.01010828508753 -57.368520071865056; 0.1496235835038763 0.13292288509501748 0.15688443728825857 0.14590075707763367
0.57 0.69; 129.6279444247708 88.00503199475322 92.52717243235215 -56.94563108513151; 0.1497310920728131 0.13295298699275265 0.1584392443004292 0.14559566635366752
0.57 0.69; 129.5768094580475 87.85497233551793 90.11869748311618 -56.60545425005051; 0.14951646359726853 0.13395328885539837 0.15713891879343098 0.1456411585916995
0.57 0.69; 129.81012958580996 86.0236182279926 90.1123924534277 -55.21230953564192; 0.14952217339772117 0.13379609143267782 0.15607640569476017 0.1457469966376537
0.57 0.69; 132.68867535594572 85.97780129487211 90.11129818673136 -54.03295241192291; 0.1494498710579281 0.13515416209346165 0.156097148187227 0.14568427843773074
0.57 0.69; 135.49147065363007 86.12527476655427 85.38824362548253 -53.56256009203779; 0.14946657821913667 0.13568872528607231 0.15102859517917203 0.14566415194453614
0.57 0.69; 135.58441036264574 88.43997940204541 81.76694570610752 -53.568429391853044; 0.1494360919388255 0.1355078790767856 0.151011023364449 0.14056224469542578
0.57 0.69; 135.58928656706985 90.32606054537294 80.84168144576854 -52.890241360980056; 0.15135693688754176 0.13544035516770672 0.1511213780559391 0.14047893919927518
0.57 0.69; 136.04027645152465 90.41064411537876 79.82235367939812 -53.17761364724491; 0.15002749914259947 0.1360958021260615 0.1499349582802044 0.1379977940773709
0.57 0.69; 136.04012581995437 90.60121974953371 74.84682243049544 -52.007719610447865; 0.15011397088762837 0.13613290020057733 0.14977756400785655 0.1367253182508189
0.57 0.69; 136.59145374349407 92.84596859398758 74.78904635006622 -52.38523024632166; 0.15007015590396408 0.13510063237564646 0.14970588582977795 0.13685926583763922
0.57 0.69; 136.61192923262197 93.00303943027683 71.51304008499348 -51.153720777142816; 0.15006317329238947 0.13628536340115296 0.14975906184842014 0.13682995109229135
0.57 0.69; 141.17632235137663 93.0940610343407 71.16421441371008 -47.000434703628734; 0.15066497960299158 0.1362162576600379 0.15118270981946724 0.13641835809193673
0.57 0.69; 141.17667092160391 93.20165395639265 70.19702143138791 -46.99557195340129; 0.15070024415325978 0.13591363677026555 0.15309292474410507 0.13642636630367433
0.57 0.69; 144.17015857767072 93.24965366070677 68.27248372209628 -46.79878018519928; 0.15005452493424917 0.13597725832778326 0.15727004597318647 0.11805874340283695
0.57 0.69; 144.732254475472 93.0985081394424 65.6079276554336 -46.01316654390876; 0.1502394488256074 0.1411987380215412 0.14948475185645635 0.12986772376576697
0.57 0.69; 145.157122026255 93.09893120110085 63.26236362669333 -46.01411060187812; 0.15028732672138828 0.1400591374937826 0.14955685129503418 0.12956633077611424
0.57 0.69; 145.15991141533 93.13775832146024 56.35259689414495 -45.258881002225095; 0.15029884882441194 0.1385143270192842 0.1493261016032821 0.1290355553299172
0.57 0.69; 146.0370587769645 93.65110905411952 50.51193099945121 -45.33484575474903; 0.15215734386374702 0.13658983769980837 0.1473518672158552 0.1191161836061679
0.57 0.69; 144.16092204901105 95.00716298594459 50.51380338998085 -50.64021229622371; 0.1521725067885861 0.13622589439346627 0.14650531953668067 0.11911141129803972
0.57 0.69; 144.6386633308695 100.5203283202339 50.44521595631351 -50.621794766206946; 0.15222148001423302 0.1362753832358205 0.15251249208850534 0.11896362499107549
0.57 0.69; 145.74551061176544 101.39053206865573 49.023104386784496 -52.00045570726683; 0.15244902868168606 0.1347491519526154 0.1519702455503129 0.12897305627490296
0.57 0.69; 146.2224604625747 102.05915601667495 46.09824575305106 -52.42260064699744; 0.1533123305517931 0.13498326981029227 0.15382941181074347 0.12740978588189752
0.57 0.69; 146.22188574560752 103.22920003216568 40.152961256458966 -50.673200517236246; 0.1557379982643703 0.1352638174756912 0.15379119871937028 0.12739986847460588
0.57 0.69; 146.28833616700518 104.01656098985062 33.15942423836826 -50.44038960363127; 0.15572695171023843 0.13524743403304723 0.15374932495674545 0.1278719796543625
0.57 0.69; 147.22678449343832 104.57825354539058 30.29144957800073 -48.63033179380254; 0.1569303387557011 0.15643870158523382 0.15647624373336147 0.12963540062683498
0.57 0.69; 147.28177751172242 104.57637360308283 30.00006403508174 -47.52709668580872; 0.15705858870924433 0.15582565103163515 0.1564991481308245 0.12542127959929156
0.57 0.69; 147.44737167624405 103.71290417426147 22.64351322424543 -47.045050491125934; 0.15141664142631253 0.15584027827146507 0.15650671861881071 0.12539105264360542
0.57 0.69; 147.45389340454014 103.37630902627546 21.953101795985468 -45.17919557324367; 0.15113295524432813 0.15806034831031116 0.1516141036744219 0.125077440246757
0.57 0.69; 151.77843594935635 103.2045991629142 21.463817489372044 -43.597208606050465; 0.15112727510583238 0.1548998293335968 0.15520440686123188 0.12506716753929584
0.57 0.69; 151.9300255042184 103.83506337428382 19.418490380155568 -43.50104521105291; 0.1496717867162497 0.15493306398936144 0.15367308165524013 0.12637726441359426
0.57 0.69; 154.3882736451855 102.98194858780435 18.020749266383245 -43.408350369002754; 0.14232494888366742 0.17075913296467216 0.15490670829954295 0.12471811882335608
0.57 0.69; 154.47863272104115 100.32989634551747 16.590863488264215 -42.048663438504256; 0.14224189399233225 0.16912955901980622 0.15519629388420056 0.12511580673888284
0.57 0.69; 154.68241710827516 100.33374671869078 14.96616345695457 -38.554830807568564; 0.14111539268226295 0.16896587188532258 0.15756876946317955 0.12513072191266125
0.57 0.69; 154.9602482637777 100.45413409997931 13.77157900226358 -34.78981168442383; 0.14071585748674184 0.16906304436247638 0.15786577339841007 0.12511125572250584
0.57 0.69; 154.96148878248277 101.15696122365232 13.530655035683576 -33.39262060218298; 0.14100876475607158 0.16913972360769916 0.1578776275561494 0.12461486485351733
0.57 0.69; 154.96263190573788 101.16058979604901 12.049690201504992 -29.101357192853765; 0.13861530169020309 0.16912642409387574 0.1578840728068722 0.12475985878231023
0.57 0.69; 154.96520887355604 104.32288902973958 12.219058281092353 -26.07921806872043; 0.1369878621698595 0.1695828942636388 0.158157228202299 0.12468235591215897
0.57 0.69; 158.0735767013928 104.32536122546279 11.192915860848107 -24.17094267551573; 0.1370031873894922 0.16927694884559746 0.1581276416575782 0.12468091384748707
0.57 0.69; 162.5748204633987 104.32946480181283 10.874891378034304 -23.08412712194974; 0.1377599001715973 0.16929350009323338 0.1636661207554249 0.1256278315466179
0.57 0.69; 163.6988919902786 104.84406296821344 10.391273823924761 -22.642621319038767; 0.13875264446206648 0.16999063234815756 0.15549593887126414 0.12659903735670508
0.57 0.69; 163.77381569158229 104.83362166959763 9.457394238309087 -22.59218205386633; 0.13859793831193154 0.1702461710164396 0.1554975517191317 0.12649997263207174
0.57 0.69; 163.90914375853373 104.8293887187896 9.437227279914588 -16.176959314840385; 0.14029493420185996 0.17281964640095118 0.15572578481577193 0.12635256578497917
0.57 0.69; 164.8281818132121 104.70664903220013 3.561383361643983 -16.13359268101153; 0.13466202510561076 0.17288627221241507 0.15549549068634316 0.1306911498881898
0.57 0.69; 165.1994969882412 104.70527610846273 -2.0028246821122133 -14.718604558594128; 0.13812249721066178 0.17299122141766313 0.15553988270755148 0.12945317087235406
0.57 0.69; 166.08909479388566 103.27849772889981 -2.216379625622049 -14.398108883890263; 0.13305552393808795 0.17313402699729863 0.15566703575579136 0.12611691865573915
0.57 0.69; 167.44459647606138 103.28066270411945 -2.2302143445377283 -14.294759174066252; 0.13120079101104445 0.17065982155389214 0.155668083946867 0.1263038043040571
0.57 0.69; 167.62158385911812 103.20573428198743 -4.204067601353981 -14.24115785672314; 0.12387239269746235 0.17421441607515586 0.15567296983786214 0.12630378231399386
0.57 0.69; 168.35225267094896 96.96812733430761 -4.223458118080053 -13.584394388598863; 0.13115428720972233 0.1739225800336638 0.15469175991621337 0.12627209396408073
0.57 0.69; 168.3845632181448 93.4320715522212 -4.812762259272596 -9.689210400921857; 0.13214825620697465 0.1766192811662598 0.15433121552039417 0.12353271235405372
0.57 0.69; 172.03781881001743 95.35572118189559 -4.830103789979688 -9.613602498978986; 0.13209395133642876 0.1768578635793746 0.15368825769295227 0.12340681199307948
0.57 0.69; 172.0395114556403 95.59429979891466 -10.058938263012466 -9.616239477193199; 0.13209386154793884 0.17686012110277766 0.15368237197005954 0.1234069696549797
0.57 0.69; 173.81718838968337 95.62887662179757 -12.09822063429224 -7.333096841128911; 0.13096372354643898 0.1787129950498837 0.15368385415094427 0.12342349502117043
0.57 0.69; 173.81736308876904 95.65540152422906 -13.273134685052563 -7.087749734044461; 0.1309447362724654 0.1787130078676704 0.15366341231676997 0.12311667936088211
0.57 0.69; 174.9276638124766 96.52153093412005 -15.78128384576452 -6.020440987851676; 0.1305863314359053 0.17871111437658316 0.15381447030949932 0.12081237288355592
0.57 0.69; 175.4403262125396 97.05509658756938 -15.995350792990479 -5.970250784277718; 0.13882957027911016 0.1787105706134175 0.15356731023417228 0.12081149300127544
0.57 0.69; 174.96469639838006 97.41619256765028 -16.373489693632724 -2.2410141080722226; 0.1389622242582708 0.17879474963280192 0.14719418762927866 0.12081345061115403
0.57 0.69; 175.93002860485134 97.9204800102515 -17.408071468699887 -0.928873392829815; 0.1365298198089504 0.17916788532277397 0.14776307496740046 0.1207697953296146
0.57 0.69; 178.47042795262632 100.06739518292264 -17.601971573149953 3.324253652213723; 0.1365747772340379 0.17973730104845648 0.1472232346796201 0.12075405678627182
0.57 0.69; 178.39148146636506 104.7342623897319 -18.312469938447567 4.919918382721469; 0.13820445981362303 0.1797761273443754 0.14723169845446138 0.12087586504639812
0.57 0.69; 179.1711374491045 104.8482221030836 -21.088392720788892 6.054605855939167; 0.1436939321225125 0.1848512400698247 0.1480640156365911 0.11062095170204829
0.57 0.69; 176.57506717904107 104.89614835170897 -22.028936691889488 9.371875053900414; 0.14377224464260316 0.1921025452871608 0.14822667532208017 0.1105134637538661
0.57 0.69; 176.41126929726235 110.04688952924792 -22.0309762445247 9.720561795602558; 0.14377320190022064 0.19231033668374187 0.14993547540101987 0.11037396522690385
0.57 0.69; 176.30768141673315 110.141289619422 -22.67956918419583 15.534279384121312; 0.14380870240619723 0.19231411668022996 0.1565068434231571 0.11034410251199503
0.57 0.69; 176.2498906454576 118.93537973032416 -22.906636710180287 15.535461179229388; 0.14391326627532114 0.1923544046802826 0.15641377505818263 0.11033815024237674
0.57 0.69; 169.37395281500218 119.2889131897599 -23.127486803701508 15.63607062509118; 0.1427292773291949 0.1925495124229079 0.15518755499938028 0.11010388623540858
0.57 0.69; 168.3717915378006 122.05941780105266 -23.120820643277384 17.41554700321703; 0.14488557698511118 0.19255442241928963 0.15518000445485788 0.11010398288620013
0.57 0.69; 165.91350454678408 124.01143460878868 -25.45024841321421 17.616801937197884; 0.14489309314813148 0.19257824681723737 0.15457938747223954 0.1098346726785669
0.57 0.69; 165.6907836741418 130.78204130161288 -26.12219364317543 17.619068723454085; 0.13407771700767576 0.1929194254049038 0.15458948250375956 0.10980178407888938
0.57 0.69; 161.61493174450817 130.9450902107568 -26.74345979438875 17.619629985543423; 0.13402440785613284 0.19292596638340662 0.15459763317634254 0.10979789643522568
0.57 0.69; 160.83661325046873 131.06924530298778 -27.067130097853326 23.44430483992293; 0.13400969404901478 0.193071674648727 0.15502881711348723 0.10973071937352971
0.57 0.69; 160.64512988607106 131.3291360464004 -27.06710899351471 30.8265857870954; 0.13396635583665256 0.19311026049558316 0.15502541502580658 0.10937197425432378
0.57 0.69; 160.6808172724955 136.05073061586216 -31.545649880276873 30.834659137712386; 0.13396635571500537 0.1931304083443557 0.15496233776627086 0.10935951250066102
0.57 0.69; 160.93197412365978 137.11143915021447 -33.03959767837836 30.857324236476398; 0.13225587415533213 0.19337933354121928 0.15496498693945404 0.10907945296992724
