0.65 0.255; 115.00000000000003 48.59760723298856 80.51486438370779; 0.16545224626683697 0.13700179374029287 0.18895587633210423
0.65 0.255; 107.93125131786395 44.130753347644095 82.70499220665813; 0.16304167992868177 0.13574696963972568 0.18051971873494915
0.65 0.255; 100.8575870107748 44.01272421031376 81.37442991271818; 0.16252934952528683 0.135734228921656 0.1641241223313163
0.65 0.255; 91.04683677264609 44.010961216455065 79.19577985531083; 0.16294289671707327 0.1420025166821743 0.1644044006459499
0.65 0.255; 91.08342625791708 43.64834623500825 64.75089037089664; 0.16288706936293773 0.12269946575404597 0.14738762160702043
0.65 0.255; 89.81528479223617 34.58687305987446 58.25077134991568; 0.16289436700683588 0.1226558430720347 0.14737098773454083
0.65 0.255; 89.79360312717007 10.967307086202362 57.7584843680326; 0.16305251891289865 0.12267717011019826 0.14721084966925194
0.65 0.255; 81.97005864593469 7.610543224151469 58.629405998366586; 0.16085381948737193 0.1214249798675969 0.1447478588365493
0.65 0.255; 77.58528361532508 6.245764807389287 43.713153210282606; 0.1610540195358595 0.1224294684593769 0.14474742282214043
0.65 0.255; 71.82414871059925 3.025022518588551 34.66604696167322; 0.16301625110810983 0.1720287712051892 0.1275050356649579
0.65 0.255; 72.65978420972014 -17.70827264573759 35.00616060102626; 0.1630162309757655 0.17726885764140377 0.12511009421519834
0.65 0.255; 72.86801540075423 -31.95904389203005 34.5631495224431; 0.16308197757568452 0.17744498327849687 0.12427361920638826
0.65 0.255; 73.01432424542823 -55.5601955589556 37.03202202809653; 0.162201928520555 0.1774579965002016 0.12433079487842946
0.65 0.255; 73.05253949306905 -62.25131059421844 40.459080736942255; 0.1625946353787255 0.1785619316737233 0.12817076486826456
0.65 0.255; 74.1907328175559 -62.44107154561965 63.00146031161718; 0.16492861283706622 0.18364074402925057 0.12821436362411148
0.65 0.255; 82.55418050476322 -65.23785337563027 63.960434355697075; 0.16251810257566046 0.1867563661892723 0.13242489666261406
0.65 0.255; 84.1455193578231 -67.6404092422441 84.9617152580824; 0.16883790786134714 0.18376185004977327 0.15819804969175238
0.65 0.255; 76.04369724423483 -68.09329739613261 92.65248573083346; 0.16889070821170155 0.18380804216428903 0.1581924367589369
0.65 0.255; 81.20552644875052 -70.39616331279815 102.5360616935082; 0.1752172646803448 0.18506594267130952 0.15946414184935725
0.65 0.255; 79.72745482047567 -80.34473731383446 111.7743572209355; 0.17537880483573776 0.18497750890327702 0.18265103595292462
0.65 0.255; 69.4713382682056 -81.346354796923 109.64606453646635; 0.1760007815574909 0.18011291964184734 0.1832404843450588
0.65 0.255; 65.63677733918279 -85.86023572607448 115.75868148629407; 0.17812309600562257 0.18778441778986105 0.18977015875869427
0.65 0.255; 59.999999999999986 -90.0 119.99999999999997; 0.2 0.2 0.2
