0.4 0.1; 90.0 59.999999999999986 29.999999999999993 29.999999999999993 -29.999999999999993; 0.1 0.1 0.1 0.1 0.1
0.4 0.1; 89.54983957600906 46.25145718234576 28.67493030668623 45.91555147064488 -30.182675917351737; 0.10094984270807686 0.11613164848935478 0.09998755678574069 0.10088078075393009 0.09995808121868555
0.4 0.1; 93.96374448634127 46.00809758896541 24.298242212101993 47.29044071142565 -11.361163817401406; 0.10098135005388463 0.11614763853519641 0.09976272399288008 0.10046563152358189 0.0999197494113981
0.4 0.1; 107.1773683015822 37.362272290952916 32.97745898717268 46.52052624181248 -10.994185169358799; 0.10302075136387882 0.11940530287438682 0.0995451935853248 0.1024124797450187 0.10100860435407508
0.4 0.1; 107.78358570302967 31.19126856515192 33.26422722213845 46.759489181057255 -16.477871958477273; 0.10216772140819197 0.11914182024925007 0.09934739113069783 0.10241765219135644 0.10390576000594033
0.4 0.1; 108.83779437076925 17.142566497307836 33.31036958175696 47.025192548574715 -12.270769279720001; 0.10228240844067563 0.12282075150059434 0.0999050938549114 0.10311955825150707 0.10244256710347034
0.4 0.1; 108.76390928692655 15.667113508449553 73.9672144928978 48.02893269806572 -12.103166881650761; 0.10248384340113666 0.1228169473169442 0.10011175519753422 0.1032965708939683 0.10292572061352881
0.4 0.1; 110.72359407249898 11.052287581416728 85.87879631457476 59.25645410439155 -14.424778388355579; 0.109340773815291 0.12274430911428108 0.10266018325057244 0.10474239896630767 0.10217551389990616
0.4 0.1; 112.79016841861805 11.723858574503819 86.574645213264 62.10149427117369 -23.003482987760233; 0.12181260520903693 0.1226818335772584 0.1023986191135837 0.1045428102227954 0.10218061803704985
0.4 0.1; 114.5207746344654 9.561820523104466 86.61318146841249 62.27595314209736 -32.29882758685488; 0.13118979544238224 0.12268110962660647 0.10599243027412365 0.10425478821430458 0.10504408387396602
0.4 0.1; 112.78496888520598 -7.668717292036009 95.01242253582556 62.36704865771613 -47.36443681287399; 0.1306201070701693 0.13226414610542345 0.10623058989747707 0.09876994580971703 0.10544314461486479
0.4 0.1; 117.37066948487679 -13.187708018830959 91.83146511206803 71.13314147322647 -61.207458791825275; 0.11309071702638687 0.1322867770553195 0.10480219848554041 0.09836198619978641 0.10641914489634557
0.4 0.1; 118.39011871131657 -27.339261906397788 92.55485019057251 75.41335700892643 -65.21651302164888; 0.1096458691262849 0.1329656977471472 0.10674200774291115 0.09730540065869979 0.10735441337128526
0.4 0.1; 118.06530631675196 -37.04071045605963 92.56405524441959 83.05953157441573 -64.36977114391043; 0.10983293362658043 0.13070908383382146 0.1207331054055396 0.09893830801999502 0.10668755531064866
0.4 0.1; 122.19554887234614 -43.9695116492287 92.4977343707256 84.96947851536922 -80.75593290914844; 0.10781958124268914 0.13034479283325046 0.11740563669894508 0.1007117841643549 0.1069243896446254
0.4 0.1; 131.2183967718989 -51.38876195876144 92.98449995342818 86.03682032522681 -81.52304742011589; 0.11104216963809974 0.12837998393850195 0.11740418292030244 0.1009136636863645 0.09675775680984225
0.4 0.1; 131.3312557108852 -55.996307490237825 95.14832604322336 85.56999655832317 -64.32384173241392; 0.11106383928241532 0.12834619101301775 0.11511576303757441 0.10165857605516665 0.10497285621943449
0.4 0.1; 131.39840888432406 -56.27477064031522 95.14838370714634 85.56671483892087 -19.864473078720497; 0.11106841345289416 0.12834104700615517 0.1151219058170926 0.10166817668893004 0.10500580340665448
0.4 0.1; 131.35943690824436 -89.88803200741182 96.15244730721858 85.68919000354872 -19.802817990000936; 0.11094584217334906 0.11865695731328417 0.11752214108153386 0.1015885389139297 0.10534689075900797
0.4 0.1; 131.35952769665386 -115.83510882931259 97.55784025439546 86.69730836891762 -18.641842037787068; 0.11267927971599352 0.12425609247717587 0.11901160038099842 0.10520057425219162 0.10525314962441583
0.4 0.1; 132.33744931195602 -116.15966469797796 98.35676166361148 85.89019302741141 -3.4150562388971197; 0.10374604151748207 0.12825288043956243 0.11936545356517193 0.10522545815676732 0.11244718658533347
0.4 0.1; 120.86408364997928 -114.79249045419212 99.92481542056461 87.27564165642822 -3.2995201552628566; 0.10380335475554728 0.1269358968849906 0.12176770768455958 0.10801547294385166 0.12593913273093355
0.4 0.1; 105.48995722404023 -117.27387566026378 108.75644303163614 95.43382768412881 -3.541118561451743; 0.1046324854717999 0.12157784639203492 0.1298935228234624 0.11238632692477186 0.12127111544793635
0.4 0.1; 101.35780717562479 -114.71279293835073 99.79493494832184 95.63802839383673 5.50919518422471; 0.10792950332949151 0.12401517597700208 0.1388927624477066 0.11205637496488094 0.11379527498860191
0.4 0.1; 100.71873057848774 -124.58575578264654 106.13907366926507 95.26606815303725 20.84297981097928; 0.10800523873259378 0.12154090558466593 0.13865524771525553 0.09639280685460996 0.10521987185472843
0.4 0.1; 105.15573089034552 -138.79531649363997 109.953877969525 97.80807693543223 19.332935282627545; 0.1242078167679348 0.1362324979728547 0.14004423257458498 0.10327929448843136 0.10756357165128191
0.4 0.1; 105.1320780331421 -138.8009942972561 107.68263607629613 98.03503295045122 32.824717847782495; 0.1268042250935433 0.13617775703360815 0.1400013723573199 0.10534316996112815 0.10746600699961086
0.4 0.1; 102.43389192541997 -138.44007336589743 103.82143072111344 100.20870419311656 47.23105502942984; 0.11114688703769135 0.12418920623398365 0.14311054785827018 0.1049050321186796 0.10578707088379984
0.4 0.1; 93.7379137577386 -138.4106263821538 75.73218057999058 101.62389768664995 47.90137897616452; 0.1352088094745899 0.11223978242101228 0.09786424759552051 0.12471160185900042 0.10299952363471127
0.4 0.1; 89.3460448069495 -137.93279206746752 65.05023937018758 98.60391542668367 60.26263578272772; 0.138175350044878 0.10873710150799552 0.0900617235217677 0.10777051315082152 0.10832342936736919
0.4 0.1; 86.84009927774059 -122.28090404798199 62.67135269871059 92.93015292454359 58.72848625805426; 0.1312596193135232 0.09823710363827003 0.10705000521809255 0.10595542685789197 0.09051168013412692
0.4 0.1; 89.02163074514274 -122.31281430520868 58.71982526824854 92.3450233247298 86.7334234629327; 0.1335278181346316 0.10522097997644829 0.10452065323358459 0.10585923165545015 0.08942469966431814
0.4 0.1; 86.40481383777896 -124.54634708140253 51.70377978820913 98.0453175264709 108.41724708096355; 0.1438738852793952 0.1051076753437925 0.10336895422045594 0.10589719921249413 0.08862856241079552
0.4 0.1; 83.87384907591812 -124.08703196385798 25.279680831200526 98.0680029413938 109.36585061275426; 0.14578071529110123 0.10614540310011335 0.10360829414540283 0.10597039824984462 0.08735084419921163
0.4 0.1; 81.57294087379002 -106.34329812372526 13.076645524510988 99.59461733810775 104.42252492246693; 0.11634851908137751 0.12818195989644668 0.12541709708521895 0.12208590784059735 0.10088848533604292
0.4 0.1; 79.89506984526629 -95.45049938644827 7.959731908065275 98.92165813093438 104.29940357996048; 0.11668186500648946 0.12837669853412423 0.12577498037007268 0.12235110311454002 0.11293628053307375
0.4 0.1; 84.76563108389786 -96.48024873038915 -0.5965321601069501 87.08141547448955 103.07831865845871; 0.11647743085381664 0.12792756112005857 0.11864596168436786 0.12125732222810223 0.11346090210574232
0.4 0.1; 91.7962664035997 -95.46919751864245 -11.186317378335792 76.80785512925932 102.44080204803798; 0.11642736336283817 0.131069045778352 0.11579600821355782 0.11896105121344014 0.11343941375458408
0.4 0.1; 91.81389367718278 -93.32902468373463 -32.806827263184154 75.78315562075308 102.78999339521086; 0.11443901910463207 0.1293821492983385 0.11913331241412373 0.12039108524738933 0.11597324793265054
0.4 0.1; 87.49814358870292 -83.39699689398638 -39.305823510231015 73.76398590397002 86.9381334001653; 0.12231708340790344 0.12923529575079115 0.13562435456355437 0.1203676532111589 0.11626896469912328
0.4 0.1; 84.76905474079224 -79.01008291212058 -28.29103878430705 73.74185517294511 61.13467686626236; 0.12188775942350417 0.1294946445999599 0.1359863937182794 0.11875851693231286 0.11575152638809008
0.4 0.1; 74.48292947388677 -72.71609537174304 -25.636870399634685 72.1768582442304 61.31261899219599; 0.12782479643286007 0.13191828409539327 0.13599888264740648 0.12319813391536684 0.11586238916115181
0.4 0.1; 72.28793272839908 -71.33736230774751 -25.701282360196963 72.21773978238392 61.3581287145559; 0.12623619604013975 0.1327046024298795 0.13664912405336482 0.12319983809694346 0.1158276845076837
0.4 0.1; 71.13776606092662 -38.81232675744113 -27.47641418033604 66.14619875301325 61.91436277363767; 0.12645859985925828 0.13401408167157666 0.1366441651842404 0.11867854057410501 0.11593100800774842
0.65 0.5; -47.09041335019958 -61.91436277363767 -66.14619875301325 27.47641418033604 38.81232675744113; 0.11593100800774842 0.11867854057410501 0.1366441651842404 0.13401408167157666 0.12645859985925828
0.65 0.5; -45.709126089802595 -63.4864090484228 -65.19688424348583 6.802729295284107 36.80082173581119; 0.11593372178157305 0.11442020798584566 0.1364430391417875 0.13093115663917226 0.12768201735665052
0.65 0.5; -43.06459709971303 -67.99639998181512 -56.884818586964435 -1.9967174559109861 48.50348912519337; 0.11764196280067316 0.11703224704410674 0.13254481552180736 0.12811198463655427 0.11813653400077752
0.65 0.5; -40.77454865606678 -81.54173445499082 -54.23457073868692 2.1517288899576026 47.808992660733324; 0.11651414078454335 0.11750463840009076 0.12897133557592574 0.10887311523665573 0.12106468716016888
0.65 0.5; -21.220045356696385 -83.12537605521429 -53.91966419672886 2.2607940287209143 51.55847195557443; 0.11706919330193755 0.1171210831552943 0.12878896000447554 0.1089309954423712 0.11822225478463567
0.65 0.5; -13.120966429735864 -79.5215127382063 -53.1744127495432 2.0146211551557314 50.47177959761147; 0.11403835031176972 0.11191457234942538 0.12729342864872012 0.12003909938261233 0.11803478704948717
0.65 0.5; -12.740892168660348 -83.24723090128015 -53.15857259338184 -16.641907124106634 63.29579219878902; 0.12369356727477175 0.11338786753527816 0.1282391719473395 0.11707072009599631 0.11875869370077424
0.65 0.5; -12.698803402542907 -83.26791366565486 -52.97322152361437 -16.58425843932974 106.96995499505682; 0.12394113953207703 0.10954162201132592 0.1279148094397144 0.11887312796657117 0.11910928262358086
0.65 0.5; 3.412121312278188 -82.75628897312055 -53.09503129921801 -12.65999930335927 108.6790342374792; 0.12044781671512825 0.11195535730917734 0.12046523240249077 0.125858521721656 0.11923811511576074
0.65 0.5; 7.405638787843955 -83.21293120941675 -64.3176647778308 -5.464036613582198 107.72199634045091; 0.12175861468087804 0.11204772183663364 0.11973441934599303 0.12586567107634344 0.11689775818038325
0.65 0.5; 14.418084029036837 -79.73190805513966 -65.76304072931543 19.545035030948824 107.78445582401937; 0.12094383491351299 0.11093249417380142 0.11567555640944985 0.12468149266420928 0.10797739597987233
0.65 0.5; 22.79526554740075 -67.76148283973669 -80.52470766085534 27.965847842647488 108.82856312847582; 0.12164851237730996 0.11247406071647086 0.11611262884417979 0.12771139073659976 0.11388684427953441
0.65 0.5; 25.333201331820412 -66.62157004827917 -100.19443671697958 39.15074050383579 106.02644516718128; 0.12061315036920614 0.11625690789009156 0.11280852508191737 0.12613574003673353 0.11413784399445089
0.65 0.5; 27.187360983222685 -57.340851585144335 -100.17865015725256 50.39116319197647 107.55436685659141; 0.1030956048887118 0.11582336392744906 0.11425944759045262 0.1261758890006203 0.1158574763607887
0.65 0.5; 26.595517351126322 -64.09211093061175 -99.29946350410074 52.108567805461504 128.78922724540806; 0.1050586785306674 0.1143437492673694 0.11409432220862459 0.12953278514172933 0.09364329589078609
0.65 0.5; 26.58399682624129 -64.02365717569727 -117.76652138342631 66.04191055434293 128.71777728387852; 0.10842743514629918 0.11990625739466684 0.11169617784313442 0.1296216711310244 0.09374536468649859
0.65 0.5; 44.38560515933891 -66.40487510724073 -118.66780974674515 69.44884779985092 133.96839221115061; 0.10834486424462446 0.11635377342446433 0.11231997479078398 0.12499385861337474 0.09479595211585957
0.65 0.5; 44.3947344179386 -58.63992950772453 -142.7628976475891 60.979082594361245 133.8689150032354; 0.12264928996568589 0.11555146889254424 0.11292010406461672 0.11874656783972716 0.10656749927262003
0.65 0.5; 43.77256969777335 -23.27181547692171 -142.98092693045425 53.41263128092637 133.8472669199307; 0.12338767680053367 0.11061588915285643 0.1228969858263056 0.12036348109629884 0.10506962977407046
0.65 0.5; 46.32252676634659 -23.71165231768743 -132.51428963790963 34.45255951764623 140.43859854849975; 0.11809230511887232 0.10535735861017032 0.09438829566088244 0.09416294323022804 0.09300791725011708
0.65 0.5; 57.642974988932906 -25.540225995538794 -128.35522234883024 29.237459123473652 141.81528155797048; 0.12355807154949092 0.10813301045493319 0.09101154613727468 0.11388775104968804 0.1065430038113088
0.65 0.5; 68.27778253881351 -9.262246556619827 -128.11721227342008 29.720537764897315 138.77736745140308; 0.12455273207886625 0.1029594275501061 0.09012200827351792 0.09412757706451771 0.10331956293690794
0.65 0.5; 69.31197210377644 -7.411513752794928 -119.56915069012733 42.472836759235264 132.0510056357149; 0.12675071716604108 0.10775170343818813 0.1036540071270097 0.09517619718035696 0.1067904842116354
0.65 0.5; 81.20882858331142 -0.9679714534620452 -124.22358495457426 43.95026864678972 132.16261194768774; 0.12813492021348966 0.10205483459771769 0.10304318487022426 0.09541185427381721 0.108422641520483
0.65 0.5; 79.58810627076313 5.411196995456255 -121.05043574828078 48.689033153632366 123.55818919206945; 0.10286680041563101 0.11388175010087265 0.1196700314085335 0.1210845889850487 0.10736958106567066
0.65 0.5; 79.5812973994367 5.724972290966956 -120.52124952029763 59.90573709715435 91.41682359461333; 0.09799291697649301 0.10951417637316074 0.11957099055660876 0.11855770522845083 0.10661861920428345
0.65 0.5; 81.01868776541059 -0.5854279658021947 -119.99005247547453 68.1016704870173 93.12606345462812; 0.0939051128972463 0.11126656476811497 0.1199947028888307 0.11820749029978073 0.10667605793417013
0.65 0.5; 84.22840189431246 -0.48974603094255625 -118.67440485470156 64.50968196209239 59.31399545937119; 0.10115252511458644 0.10993996891112828 0.1200821127872646 0.11704750487415962 0.10653498382203666
0.65 0.5; 85.62461380059865 -3.4341162348137426 -91.013346251953 71.25480768289776 60.313099259376955; 0.10219170955966685 0.11000714785912709 0.12024283155969841 0.1242421198098313 0.10700080107428862
0.65 0.5; 86.44878669176434 -3.6230314568291035 -90.19771594192619 87.03455973713025 56.297257082046386; 0.10273907980817196 0.10759313147514427 0.12248343007585115 0.12422506321472734 0.11445280614000672
0.65 0.5; 80.56825597191921 -1.5391225990180557 -89.59600741622137 110.02825366573958 55.73242263877787; 0.10243881917330876 0.10226701515224157 0.12335947655609977 0.12726346083370335 0.11460876293175692
0.65 0.5; 80.49803503278926 -1.7714697667858816 -59.628278350819066 107.79085631014274 57.96110307770856; 0.09897791078049394 0.10136164372718791 0.10522270156364501 0.1256170413385994 0.11480037270100309
0.65 0.5; 80.49758538764888 -5.187166867366521 -42.01369199997697 106.73701246321879 59.429069474521235; 0.10422378122067778 0.10264777735737395 0.09888140481379712 0.10540674948374554 0.11933045352381319
0.65 0.5; 82.86133040151958 -5.339938587290727 -25.282854555230973 103.12820183918379 47.65432411171445; 0.10107120941645624 0.11056990271258932 0.09831856623767735 0.10035713958989041 0.12015142829828596
0.65 0.5; 52.84268301356104 -5.116440435323926 -25.274087796813916 94.60101178868328 46.62137350707398; 0.11277332315543702 0.11714421873438144 0.0934572349555773 0.10092312456099464 0.12009242630371719
0.65 0.5; 52.19152384039751 -0.3942586169830481 -2.306190416039816 94.16104710009907 45.37690489104972; 0.11673499203292134 0.11663398647467967 0.10225651110802568 0.10048900941327113 0.11720156724951693
0.65 0.5; 43.118738615222696 7.428312741205814 -3.565612382095692 89.07870788636784 38.67536443951747; 0.1180874321308473 0.11582238191771368 0.1059071129287004 0.113809021946578 0.11810744713501423
0.65 0.5; 42.58282237187756 14.52264814232766 8.37686469879115 80.44206417544098 37.70289986852171; 0.117536899427174 0.11592670220017727 0.11394625135052441 0.11306493559552615 0.11811035179154497
0.65 0.5; 45.08219650959972 27.437610088017358 8.615779106717609 72.70317557356425 36.00540297381738; 0.12038361747273361 0.11624779529229066 0.11421849506514195 0.11299372196603998 0.11794234022562479
0.65 0.5; 51.71227159179022 38.71105700469721 17.536469850621092 72.89222593223168 22.590271865244834; 0.12862550249403829 0.11703346499362725 0.11331446618215651 0.1068254873803318 0.131371361544657
0.65 0.5; 54.6423626974481 40.53151516624921 27.62944697740553 75.87328623332847 4.831719597860704; 0.1289291439205486 0.1170474029750033 0.11299357738857821 0.10682730361014482 0.11564101610393027
0.65 0.5; 57.12327918945192 42.98055022416174 36.236546452975226 51.06912119672538 7.401035194539638; 0.1330212287420884 0.11804149245544404 0.11322815502158286 0.1211995227707672 0.1013285544900379
0.65 0.5; 65.55458326678557 44.09730980010939 34.68813309058973 36.25269399942699 -1.6614706486581068; 0.13302694237926058 0.11537670854826274 0.12325226495144213 0.11609700622241176 0.10420066778064453
0.65 0.5; 65.22141943279568 44.01346679760564 45.16738848141007 36.07993352058338 -25.429130161528963; 0.13300360103507322 0.11281580154461188 0.12907778541533305 0.11710279944599404 0.1073032967167039
0.65 0.5; 59.13870541407823 47.04753770429359 40.54056818481672 36.76112239050938 -42.77265391839897; 0.13274536133703135 0.10299873783829752 0.12547883503859833 0.11714346167940126 0.10632239150574067
0.65 0.5; 63.75610946611473 59.854796616354776 40.52931617171419 35.82810001494444 -61.85363607552982; 0.13365853497025929 0.09638887413014907 0.12551622434809115 0.11714390217381322 0.10632991995148701
0.65 0.5; 60.16953854876505 67.01814233801346 36.73146142874732 32.699621750592385 -62.307988555852184; 0.13849618877857203 0.09408515507442188 0.12486187669659268 0.12494934823594246 0.10521877230603188
0.65 0.5; 60.95838754923796 75.51209639790564 27.155305847897996 32.7374157864391 -62.227328958278854; 0.1401913027384363 0.09270685903640229 0.12494959141170883 0.12495268134820998 0.10521025095442472
0.65 0.5; 65.87312864248118 76.24641308016253 21.71604498932149 4.284431181299864 -62.014415945852015; 0.14093509620990288 0.08808893885513958 0.1268379074751042 0.12164140862373146 0.11152703713327598
0.65 0.5; 66.31733753195624 76.26888933709202 16.000827278827586 -5.32958864800972 -61.72370658748033; 0.14118494320359137 0.09656763514622108 0.12710573377767828 0.12172949377788442 0.11089274363253591
0.39999999999999997 0.9; -88.46624108761422 61.72370658748033 5.32958864800972 -16.000827278827586 -76.26888933709202; 0.11089274363253591 0.12172949377788442 0.12710573377767828 0.09656763514622108 0.14118494320359137
0.39999999999999997 0.9; -79.1306724083492 48.24628146874483 7.864424066010053 -17.04891756366785 -79.06624539905707; 0.11106576216017108 0.12173144623123662 0.12653174940940445 0.0967061202687623 0.1407376556671348
0.39999999999999997 0.9; -55.89010317170905 47.828207791386085 6.174395717725696 -15.200216055414153 -82.92553217668554; 0.11082061045069164 0.12188760858402974 0.12481357528912898 0.09713467104407265 0.14059805582460105
0.39999999999999997 0.9; -56.33590485540442 42.05650795714247 15.156208271759942 1.851042693209511 -87.88444613023216; 0.11127972709743515 0.11820429835962364 0.10391219375700629 0.09701723795488204 0.13506754870095647
0.39999999999999997 0.9; -57.540256889791856 34.65249460221734 15.177997847075492 6.288105283371752 -87.44337078545986; 0.11127948449098482 0.1230724466103261 0.11812078668540009 0.11354513704091711 0.1343529074417746
0.39999999999999997 0.9; -57.45329042586566 17.67670564386782 13.363279919770891 8.297762577289069 -88.06529533508107; 0.11143027317748416 0.1215186839927189 0.11824337832333495 0.11356923387802506 0.13434723240124716
0.39999999999999997 0.9; -56.98648879456426 17.402833645923497 26.73874817141699 -0.02059735573256631 -87.7592254432825; 0.11188077171068264 0.12128707141893381 0.11941776387658719 0.11385361830914989 0.1344345289344303
0.39999999999999997 0.9; -56.98383564166743 14.724529122318835 26.746048302454607 0.4121361467923928 -68.75071061628846; 0.11102747780475031 0.12130613130469586 0.11941375608214541 0.11384024975333625 0.1335321905688639
0.39999999999999997 0.9; -57.01545582683749 14.735838340875164 28.599982000366868 0.4273736460322751 -46.6579447282521; 0.111020774513079 0.1212459286787092 0.11974423339967855 0.11363668405303114 0.13315180466106127
0.39999999999999997 0.9; -57.0355867406367 14.698502421342997 27.840152127503465 -3.421402687635655 -36.01564938296814; 0.11046805818930044 0.12130196334318759 0.11978587965184997 0.10924450681205801 0.13175415459643447
0.39999999999999997 0.9; -56.87662597180575 16.391339700980794 28.12326234530916 -5.312927185196342 -35.32194563475678; 0.10712111073675469 0.11984089607219625 0.11934263372661656 0.10895975476101998 0.13003300637586623
0.39999999999999997 0.9; -56.8717146553718 9.998929878814334 30.556724001152258 -36.41670894493897 -32.70428250671647; 0.10776563651270651 0.11503055641403993 0.11959527992498357 0.11236794570580716 0.12445981407270683
0.39999999999999997 0.9; -56.95551203984572 10.853199376032162 54.425152084309616 -43.846404623046794 -33.34643186548635; 0.10366535330836861 0.1143562370183118 0.10330469274254109 0.11388051345593929 0.11987020465266852
0.39999999999999997 0.9; -60.8013579346302 17.688426289692785 58.275959626481765 -56.58155020938402 -21.714213267289125; 0.10540814575515484 0.11728384526732928 0.10698106001088722 0.11578831714993439 0.12011023318517486
0.39999999999999997 0.9; -62.24573576207576 15.671885964904712 63.543785508774754 -67.09635771644155 -13.606582394126896; 0.11159956840994248 0.09835080810408742 0.10951688307917352 0.11494745112244395 0.11964353721463279
0.39999999999999997 0.9; -66.43836574520412 16.776531731709962 70.48097266858422 -65.62885376807948 -7.829525121427651; 0.11216887201519492 0.09844293135097658 0.10300437142976285 0.1145899028166323 0.12263734419936231
0.39999999999999997 0.9; -68.74933405397596 13.963344483282524 76.92314573740212 -58.14404479559652 -1.2849098417653404; 0.11193074762667159 0.09812046971234087 0.10311699371715244 0.11468615532404139 0.12031131115885721
0.39999999999999997 0.9; -70.59301651411846 14.43696771467571 86.41594622912127 -29.575144640284563 0.35697645376030157; 0.11203882676771065 0.09812276191241674 0.10401090784546725 0.11616928736996855 0.12123933047677568
0.39999999999999997 0.9; -70.97668562208165 10.492929683863924 95.27084285779158 -17.358114645240363 0.08084452827369447; 0.11227089387885174 0.09956300906098639 0.09516196849013078 0.11886070785357367 0.11895787535222105
0.39999999999999997 0.9; -73.97346773652973 10.653938398301166 95.49913101064983 -3.5328767552081115 11.286692378072672; 0.11237530997072312 0.09954547433394663 0.10704661164127811 0.11884959529702456 0.11925065528000046
0.39999999999999997 0.9; -73.79648453658587 -7.664113817491415 95.95156579688904 -3.1776162353154946 13.683468384580548; 0.11092848284016195 0.1008656219498187 0.09091346293295322 0.11891004765234693 0.12085693615504962
0.39999999999999997 0.9; -75.29155833303247 -13.418053249046734 91.74046224817215 3.886325723529179 15.71693155061001; 0.11564493160886513 0.09818945381838463 0.09193097720100785 0.11870301188733018 0.12105247932698805
0.39999999999999997 0.9; -75.43673981235416 -9.923024711832658 91.85947725005646 14.268628562780194 15.855006645353837; 0.11501495851203614 0.11158379696826917 0.09522833686218514 0.11851372754936783 0.11162530220353839
0.39999999999999997 0.9; -75.4240190549041 -16.096775976652378 92.33993192394789 14.456752163627781 15.975655440147593; 0.11502854328512051 0.11157759021296089 0.09703142087396395 0.11851282090808418 0.11158089827461751
0.39999999999999997 0.9; -75.2069661863159 -16.385660214554225 92.34506048387719 14.849876296054234 55.02614620014387; 0.11527832055466512 0.11158734264525706 0.10079532920777909 0.11852801521453427 0.10972474606606442
0.39999999999999997 0.9; -64.9234555806048 -16.96653691443912 89.3005382534792 14.839397065921018 65.34409511550176; 0.1144144294534657 0.11200555336938575 0.10355733057696526 0.12082252514576929 0.11250796271204615
0.39999999999999997 0.9; -65.52396092734087 -17.816043777437116 89.3259621210199 23.49106997451464 73.52292229128915; 0.1142305867877056 0.10756401072643033 0.10373919437098669 0.12101556119963103 0.1114422701541414
0.39999999999999997 0.9; -63.28235425899799 -18.091773502790083 92.07268477866793 27.305183513601204 90.39307315343021; 0.11405828966552768 0.10657852359296328 0.10383680208374985 0.11469268425360805 0.10903941335738858
0.39999999999999997 0.9; -63.25518274213497 -22.902873700983907 102.68676305898572 17.81831745120448 110.24274257249766; 0.11456122986233472 0.10379959759403509 0.1152843628234718 0.11542433622885975 0.10856349638549113
0.39999999999999997 0.9; -49.48461206139457 -27.86836972569921 99.72370566619911 17.03752006940927 110.32600121583936; 0.11450764073673517 0.10384162733183983 0.11523299186854061 0.11546213793664756 0.10738323554069908
0.39999999999999997 0.9; -51.14409851647628 -49.307489566713585 100.7426331673644 17.907680909239406 111.37049529409032; 0.11441446919148146 0.10382751430297951 0.11460299234470431 0.1156714304644909 0.10888162837767823
0.39999999999999997 0.9; -60.1128349389068 -50.60650684839864 103.33816050410258 17.543367373191614 126.50900987394206; 0.1135276977408715 0.11637892123142167 0.10350653851967265 0.1154741275868781 0.10441556530027105
0.39999999999999997 0.9; -59.855475961579735 -50.574010767210645 120.13804082258146 35.860444512932006 129.74804150250583; 0.11742603028653979 0.10388619666502416 0.1010371970237216 0.12952721876699044 0.10440155172547186
0.39999999999999997 0.9; -60.597569236680926 -62.50435284311934 120.14086274818581 38.16188536497905 121.37985817605188; 0.11742336764992033 0.1036184490876678 0.10385805903937109 0.12162759910588918 0.10683096999996983
0.39999999999999997 0.9; -72.09429736212779 -62.54118375238611 122.9505827827202 37.608557617772284 116.59415589478417; 0.11368429537760044 0.10329267043656615 0.10412913382736115 0.12114818590263823 0.10531656172218203
0.39999999999999997 0.9; -72.1295298929661 -84.2663771701154 122.65082322976008 37.76636281623011 115.97238277566348; 0.11365023729528244 0.10134042556770112 0.10441976214853534 0.12029281602627155 0.1053163871457053
0.39999999999999997 0.9; -71.67134427397247 -93.94085944662369 122.41581001637542 52.87403571756369 116.18734306856089; 0.11430043590000596 0.10132610496612598 0.10192166245780272 0.12102628516679671 0.10951997204533137
0.39999999999999997 0.9; -71.67469149368378 -94.90330388935199 122.60449763785785 55.96728616327404 112.17609277349743; 0.11037843421541432 0.10049215368099462 0.09993851415895905 0.11490552923293532 0.10952803380532469
0.39999999999999997 0.9; -44.136555169423865 -94.91344318701495 120.81178902793813 61.50972429736595 111.99689737316804; 0.1111410057923384 0.104465052753801 0.10102609580264545 0.1149049266221505 0.1122601567297205
0.39999999999999997 0.9; -42.74300469839954 -106.8742718916922 119.21510859367775 67.92892357032468 112.12562324310869; 0.12766279951647846 0.1061472053540238 0.10523714321665069 0.1170244159259438 0.1177424733711398
0.39999999999999997 0.9; -48.02080784316945 -108.38493155180858 121.62078819034721 68.18096243535892 79.18031809493807; 0.12197595672381456 0.10617545414139448 0.10269057731186296 0.11870336235799454 0.11688601252067221
0.39999999999999997 0.9; -47.60008168543345 -117.23585114904898 120.97607389332755 68.13098869611852 59.81056064206547; 0.12435243066295737 0.10714419935814268 0.10253730441439392 0.11883462675157258 0.11067452664374311
0.39999999999999997 0.9; -47.933296224437576 -123.45368691532742 120.1455156035762 75.4568599254145 59.65447518555139; 0.1265329900588075 0.11025158795786408 0.1059254112041819 0.11835386213296609 0.111482441174328
0.39999999999999997 0.9; -47.499855135674174 -124.45146599237938 95.06605612721212 75.61755842876711 61.733256274635934; 0.12642325667062745 0.11364670130037773 0.1035939180497055 0.11735657214759461 0.11062116269416998
0.39999999999999997 0.9; -46.591094068721105 -124.44954350561181 97.15417155793712 75.50741910116977 57.282431272815025; 0.1195640304982239 0.11577538303420788 0.10330981885619056 0.11639036811232667 0.11070255117746716
0.39999999999999997 0.9; -46.13391616340979 -126.28616756444909 95.33571376149746 104.87119192849266 52.677495614895335; 0.11102961756800965 0.1157569848649157 0.10405729433405064 0.11646950835641551 0.10976636229118031
0.39999999999999997 0.9; -49.87622555695274 -126.22351772038186 75.4897511672352 101.66307770005083 54.78455059315317; 0.11098147539525106 0.11570674623399685 0.11704717187530142 0.1172478263074536 0.10952162510332576
0.39999999999999997 0.9; -50.91810446456329 -126.5385744972224 67.08833241828738 101.65780950583918 47.21530456088199; 0.11148073997971672 0.11715477417457924 0.11702230558684894 0.11716471434599234 0.10952804820943399
0.39999999999999997 0.9; -67.68545639482694 -120.31857691497395 62.087972168032806 102.86502234376405 47.45446205365439; 0.10896672323283238 0.11617844346647109 0.1168941566598927 0.11941015782748247 0.11115414275022555
0.39999999999999997 0.9; -77.59217745148217 -113.11452518569492 55.38174787594199 104.84436419175326 32.963162149457084; 0.10846759457801604 0.1215929009826797 0.10565907140266333 0.09842071870192468 0.11734103446375771
0.39999999999999997 0.9; -77.35335292739265 -116.99454315492795 38.57696910263787 105.2720410133436 31.6561128984661; 0.10842930785073 0.12220900304465934 0.10544796115121725 0.09824010359888526 0.11754336382616137
0.39999999999999997 0.9; -78.84229865664533 -117.07044523396831 35.518266059872964 103.30755066111342 36.942162616783335; 0.11150808990999442 0.1198403351890073 0.10591301054857492 0.09807244194013252 0.11761541157140434
0.4 0.9; -79.42312396344015 -119.74261624525808 25.41968394213985 124.07035219069499 37.928520883156054; 0.10561932344637164 0.11873149358546516 0.14170813905787774 0.11668804370523704 0.1393539246322107
0.4 0.9; -64.1879180017353 -121.56504611880234 2.2482281730809803 126.45597373503026 38.022724953998654; 0.11358229147617985 0.12060186963704872 0.1209157125528755 0.10651133109095007 0.13455757298615648
0.4 0.9; -74.98793493286162 -117.59995444099758 -20.975278316658233 126.61145833134034 38.24862912558088; 0.1120411936492801 0.12026072265011681 0.12091444472710866 0.10628225340768366 0.13508546499540414
0.4 0.9; -76.95309091042141 -106.51636596868657 -23.30256176819464 113.98591276103289 38.57666042958774; 0.08928289479505735 0.1024100325683241 0.12091202641082381 0.11408392511329117 0.10123727636240785
0.4 0.9; -77.54604339644196 -105.1000683658789 -26.461769447963295 110.4550706023104 37.28010360764451; 0.08660521426564469 0.10213743647490973 0.11989342409072642 0.13304708014365857 0.10598990556786038
0.4 0.9; -77.06087376379408 -107.99971688113516 -33.65418493601846 110.58370001673217 36.634912349264106; 0.08659985421341529 0.10223007167420807 0.11612222075228913 0.13311813140965298 0.10646060938581639
0.4 0.9; -77.60682427539489 -109.11635630584756 -33.70669250562976 87.5834980728923 25.520093773886916; 0.08915865958123827 0.10482197332210444 0.11477918653179844 0.1128068013580713 0.10624634279370457
0.4 0.9; -77.62209791642688 -106.75187056190171 -36.65440493566096 56.11384216556619 25.6128449770359; 0.08921930484415483 0.1067664535729944 0.11382997401031443 0.1128111577189211 0.10631849525228206
0.4 0.9; -87.64278570986004 -97.31489203746247 -22.506936155537108 55.16849478713678 25.545107791293816; 0.10577903895277962 0.10621491958857686 0.10373824356596467 0.12199316993194328 0.10254759031291037
0.4 0.9; -88.06475633828384 -84.77893487763083 -22.712260236101216 48.72239454423476 30.790216239446156; 0.10034894761719797 0.10599732154856083 0.10174552711805557 0.12295301939802769 0.10170572205895971
0.4 0.9; -90.0987644818873 -84.55847465643046 -18.138364225495053 38.58425273282426 30.841288139151803; 0.09981153378809526 0.1019123156566942 0.09859459603965608 0.10592193551454882 0.10318645460858955
0.4 0.9; -89.38827152437968 -84.62076525878233 -19.50198833279129 32.842077978542726 30.29919594686222; 0.09897046997703894 0.10017342388115105 0.09949816586226527 0.1073180943995719 0.09996965130105838
0.4 0.9; -89.38535317193922 -84.62862663134372 -20.46282991039153 32.72676451915589 30.09407848684461; 0.09901238234474688 0.10017271563714988 0.09886173943679376 0.10732022598087941 0.09996806906319952
0.4 0.9; -89.42424797772476 -82.46485204335907 -20.372928030448396 3.1158791217912496 29.640517942821692; 0.09897163735299494 0.09999081536132536 0.09878809190772753 0.10235171770437157 0.10029096096219833
0.4 0.9; -89.43766262288294 -71.13779599356234 -20.402783012248303 -6.727838400402155 25.831889851481495; 0.09837565317035034 0.1000034689101132 0.09869620774293275 0.1021454814975102 0.10028519090073178
0.4 0.9; -91.5081888714631 -65.47330508738206 -24.787214902894654 -20.000132921745397 29.858682581722285; 0.09809646860230353 0.10000008677599449 0.09869192023069788 0.0999051780016997 0.09996117112227272
0.4 0.9; -90.0 -59.999999999999986 -29.999999999999993 -29.999999999999993 29.999999999999993; 0.1 0.1 0.1 0.1 0.1
