0.5 0.1; 135.0 45.0 29.999999999999993; 0.1 0.1 0.1
0.5 0.1; 134.98771013344117 44.698817384194186 28.01872063938204; 0.10590368767210225 0.1134045567464565 0.10925836364925691
0.5 0.1; 134.975710313645 44.52118470058867 25.64637740160898; 0.10592011018706615 0.11451341323770044 0.10931310119976098
0.5 0.1; 132.62230260448288 42.30109787460865 25.635400607124723; 0.11856740339432431 0.11463142604896576 0.10953592516394191
0.5 0.1; 132.62133496833553 38.5840607821375 26.12338344160561; 0.12069398491847695 0.11463183559152064 0.11095357328582103
0.5 0.1; 130.8149299466727 33.46162814969475 26.128551601608482; 0.12094825803578116 0.11463820558683319 0.11097476234172611
0.5 0.1; 131.0309341933066 31.51468849831362 24.324084007989278; 0.12300131491960327 0.1251619650487416 0.11098779500398274
0.5 0.1; 129.44742795571682 28.30772251954098 24.322993836666658; 0.1211230566390113 0.12495294495723853 0.11038884901996163
0.5 0.1; 122.86608249140727 28.302481326147216 24.32917866348057; 0.12112305691520198 0.1249616193579135 0.11039621334556964
0.5 0.1; 118.31060289956214 28.158524765486177 24.32289347559748; 0.12114092107530493 0.12496992520024602 0.11040940641342531
0.5 0.1; 118.24350332592178 28.07023970392043 24.288837325289624; 0.1209301015753789 0.12641475025318671 0.11073900347267293
0.5 0.1; 118.11182728834191 25.699551274051206 27.912416724191033; 0.12337860234367497 0.1263123403040531 0.11702810850381763
0.5 0.1; 117.36426697870405 25.688196466609913 32.661742481297075; 0.12346670408411267 0.1280622078642928 0.11709501303846452
0.5 0.1; 111.78879074595454 25.643841950364298 33.06453253532734; 0.12453283071217931 0.12801440125326907 0.11711532614456398
0.5 0.1; 110.6664032181976 25.240142541372602 35.90042787132053; 0.12575700560126213 0.12801991574968544 0.11729385219667832
0.5 0.1; 110.14133707342882 21.485643079874347 37.80146526350474; 0.12877491249948367 0.12822639332385136 0.11735267621052015
0.5 0.1; 109.59390623313163 18.781137699319366 40.67432798695446; 0.12799100469966226 0.12390724386610552 0.11756470612625548
0.5 0.1; 105.22335299662298 18.532625483245226 40.679354663474065; 0.12796475014221453 0.12392023361405623 0.11826604392469563
0.5 0.1; 104.57879437619833 12.522267902563984 40.87839062259979; 0.12793841726143015 0.12391489956953704 0.11943347696262281
0.5 0.1; 108.8551320050822 12.19937069978379 41.51052027707808; 0.12880199696486574 0.1253027495494496 0.12009339278995415
0.5 0.1; 108.97301008238536 9.25931391719209 43.09359212185002; 0.12881634067344122 0.12670113202056832 0.12081091465282831
0.5 0.1; 108.97436924932977 5.653422461471716 43.0841888245808; 0.12881832977345814 0.12676695550837727 0.1209082126480259
0.5 0.1; 108.97554473781717 3.0956504980564525 43.20608306239143; 0.12878609644141062 0.1268794248517289 0.12124042364874676
0.5 0.1; 109.02666477104546 1.9072326371990216 43.3653545318235; 0.12857856707683263 0.12713945917728847 0.12124465766370184
0.5 0.1; 112.47742621676817 1.6471818717405209 44.03992147621451; 0.12861435785446546 0.12727682661574885 0.12124466919590107
0.5 0.1; 112.63428036340869 -0.8015702222514112 46.24501055196197; 0.13009226450214825 0.12645357309198077 0.12077530031361859
0.5 0.1; 112.63948958506394 -0.7992541131778023 51.48799974534885; 0.1328185514407623 0.12607794471472794 0.1310332124591612
0.5 0.1; 113.66638919541633 -3.634238593200742 51.5320327497373; 0.13319424924973983 0.1260908760105679 0.1312303257455762
0.5 0.1; 113.65878290913908 -3.7133279089997786 53.70287621241209; 0.13306167896386698 0.12684791709057333 0.1312345132958072
0.5 0.1; 112.1848561594352 -4.295925172990045 54.975238239130015; 0.13346087172823798 0.12670884260683185 0.1265737889718635
0.5 0.1; 112.1841826325486 -4.329492915734986 55.79801756823832; 0.13127152638392564 0.12675563408816923 0.1279636689872262
0.5 0.1; 110.7423258572834 -4.329608123344163 60.38967984385254; 0.13127236722890187 0.12695745905827507 0.1279805186554083
0.5 0.1; 110.53871405371865 -5.045959503457804 65.95821026817384; 0.1313274382339951 0.12773730090998153 0.12774356793709293
0.5 0.1; 110.54034054756843 -7.636774496881468 68.59100147643296; 0.13132745749133884 0.12803394378527383 0.12766790706183742
0.5 0.1; 110.5209279614696 -7.664046761699616 73.8261565121318; 0.13175477298326593 0.12803414401531896 0.129608217109922
0.5 0.1; 111.20155381460633 -7.8876193813381175 75.48235626865956; 0.13053195352635763 0.12808427690314417 0.12964027346028834
0.5 0.1; 111.36349054916388 -8.942776784040559 75.49106799694141; 0.13051256053972232 0.13081081812100076 0.13629908198110824
0.5 0.1; 111.8540794310998 -14.45465373919113 75.55537388071852; 0.1305340117623265 0.1308393889456434 0.13618484815639828
0.5 0.1; 111.85379571078687 -14.569839110212998 75.92343415984527; 0.1325770504249088 0.1308359615633039 0.1361848305200791
0.5 0.1; 114.78205846802166 -14.854556110250408 79.12917638754963; 0.1325473805721936 0.13122305733286393 0.13617613220374988
0.5 0.1; 114.11302889927627 -16.981614598907996 79.18798478184922; 0.13265820600975825 0.13121489358862887 0.13625681649569965
0.5 0.1; 114.27279441068485 -19.447735438391945 78.25970238935807; 0.13258930199980695 0.13121063932807422 0.13609593267726824
0.5 0.1; 113.99371748311899 -19.45159286308819 79.2236353586961; 0.13173674264181473 0.12117379802689962 0.1395401572824326
0.5 0.1; 113.98944218161482 -24.255665103334316 79.92130817825996; 0.1317016455691401 0.12117365065028143 0.13952313686111134
0.5 0.1; 113.99904777681894 -30.495415337653 79.97039789629693; 0.1316977181175113 0.12105230780874583 0.13979693937194787
0.5 0.1; 113.76683296204655 -30.615681509798435 82.6491063532327; 0.13271260853416444 0.1201368160265182 0.13979849035616296
0.5 0.1; 116.23809923636391 -33.09349813352199 84.0522130231767; 0.13328988012833853 0.12022286631722347 0.13953802299680454
0.5 0.1; 116.14152544825257 -34.631177481119785 84.05237482459435; 0.13329520326925018 0.120436854338765 0.13957617984319282
0.5 0.1; 115.86039113865718 -34.8405685873225 84.78794184158733; 0.1339593101513971 0.1218714750744672 0.13885717414825982
0.5 0.1; 115.91465498847873 -40.599404642518124 85.34303764406712; 0.1339501677023054 0.12187146853847977 0.1468596794530048
0.5 0.1; 114.11627604026074 -40.632950779841174 88.09097032113345; 0.1334848494999848 0.12326749637125596 0.14401639105664704
0.5 0.1; 113.78584160288132 -43.56749469362478 88.42622005589554; 0.13457215881651868 0.12422105249284693 0.14422933398224677
0.5 0.1; 112.39059003545319 -43.58189858813073 92.77109784962876; 0.1347223947754624 0.12481195869069012 0.14424455094852415
0.5 0.1; 113.04430645169236 -44.70551928399052 93.41627734486032; 0.13470803368245549 0.12785479787269843 0.14398494798365102
0.5 0.1; 112.88704050512135 -47.77572733391667 96.82719956064322; 0.1346337083303883 0.12787683764219834 0.1447303417483881
0.5 0.1; 112.92194192602706 -51.455594578231796 96.8808018476822; 0.13670138157925898 0.12784329075368925 0.14494413881830986
0.5 0.1; 112.82652060343842 -51.68201940524257 97.25856058443797; 0.1369413242536633 0.12856994901141006 0.14519411664728143
0.5 0.1; 111.3151841686353 -52.86189966230173 99.89339620624486; 0.14310410255601896 0.1285630487741723 0.14519438048662883
0.5 0.1; 108.60174365182498 -53.06566312601452 99.903525819291; 0.1440135766147029 0.12844313613837569 0.14553354242432892
0.5 0.1; 106.49144907673778 -53.65614865336059 98.404826933048; 0.14372835405273812 0.13224906327153513 0.1499008575941685
0.5 0.1; 105.79543123398614 -55.045683029081104 98.01861738705998; 0.14449213786265566 0.13173394534350194 0.15096846242969897
0.5 0.1; 102.32714299199857 -55.17031104296926 98.41485507228711; 0.14458281394224934 0.13273080596778064 0.15079134002011968
0.5 0.1; 98.88943866473127 -56.89704411916906 97.92108536900805; 0.1446108905563022 0.13273507241119806 0.1507533973989507
0.5 0.1; 98.87157017106885 -57.15719560489716 95.73633052300526; 0.14462928215121476 0.13623052015508857 0.14972772706943385
0.5 0.1; 98.25715078572568 -60.14523851879857 95.65323867327878; 0.14454971024694863 0.1357101333561448 0.14863783980583653
0.5 0.1; 96.34294656926241 -60.87195797461794 92.71832725749599; 0.14450150194022093 0.13570277922209814 0.14861208356666325
0.5 0.1; 90.198781842505 -60.881150298318474 92.29915516640386; 0.14603678981364518 0.1357743817739189 0.15208049736854767
0.5 0.1; 90.1954715197031 -60.94022371891545 88.2059423524; 0.13999036898941905 0.1460453380418618 0.15188753764736446
0.5 0.1; 90.28349335869973 -61.09019674131893 83.91437830937828; 0.1400008284437315 0.14666916269099917 0.15084948992330172
0.5 0.1; 88.22226376452598 -61.15790475029149 83.87401119348503; 0.13997887891024638 0.14515795909939433 0.15101360357692686
0.5 0.1; 87.91506362669622 -61.19376127100331 82.17912836223708; 0.1404794668473185 0.1436718504695758 0.14432872148833648
0.5 0.1; 87.82150125166905 -62.3366263498124 79.88184551831944; 0.141160865047234 0.14457776459094712 0.14414661449115534
0.5 0.1; 87.6777569024362 -62.588551312410694 76.92269969388182; 0.1408389133489031 0.1470516116898286 0.14122446405537653
0.5 0.1; 86.40350953466826 -63.01671049305052 72.7085903957339; 0.13330724377535527 0.14241858368919008 0.14242034565067493
0.5 0.1; 85.54088827287157 -63.01796007995596 67.09616321385029; 0.13332461152663372 0.14382263564741332 0.14246400373473564
0.5 0.1; 87.56631701796496 -64.27316579114938 67.03512766132168; 0.13123669330552848 0.1303643787352029 0.13802688606409683
0.5 0.1; 87.58990111714853 -67.77848133650872 66.25093056471086; 0.14863845468827083 0.13077498471045756 0.13806822247310474
0.5 0.1; 87.62548684049904 -67.84508230376058 62.4156160484887; 0.14869225455355617 0.13123332605609983 0.13808422278501697
0.5 0.1; 88.87691732476738 -68.26767628882281 62.37826632588712; 0.14881604534228268 0.13468999840784257 0.13640487953269018
0.5 0.1; 88.72481083596281 -69.0289456559971 59.779215858883624; 0.15316494618997067 0.15882902564327386 0.1679799975107146
0.5 0.1; 90.40083111465857 -69.73900606362363 59.806879410281574; 0.149762755004578 0.16608553060661543 0.17132803199664748
0.5 0.1; 96.56348188331631 -69.73497715256342 60.012625670948296; 0.14939971589370035 0.16604477308677199 0.17150202412025525
0.5 0.1; 99.41049674475467 -68.88180884511675 60.412961775551025; 0.14969223627168626 0.16956250658737812 0.1707868713390278
0.5 0.1; 98.91834664102616 -67.21047983225796 64.10702811625501; 0.14960597713307058 0.1643508828531379 0.17314351314545343
0.5 0.1; 98.74481481666993 -61.658749868718076 64.13015047207239; 0.1465662488309042 0.16462213873135012 0.17324155622871634
0.5 0.1; 98.88381564924022 -61.83805293421186 69.46748260963953; 0.14670899338536325 0.16467124614967688 0.17323913331915855
0.5 0.1; 100.49241244902662 -62.027245803144794 69.7532615906666; 0.13522538577376603 0.16453715684045458 0.17337842195645425
0.55 0.5; -71.7815717634516 -69.7532615906666 62.027245803144794; 0.17337842195645425 0.16453715684045458 0.13522538577376603
0.55 0.5; -68.74453290274478 -70.29299280962498 61.86804925308611; 0.1725935029186756 0.16451287993384053 0.13517934889268465
0.55 0.5; -68.7177734302132 -70.28890345503694 58.060231093708985; 0.17264478409856848 0.16449484531557368 0.13518109313395524
0.55 0.5; -66.93207781607838 -70.29051796874967 57.78929313203419; 0.1722563558608526 0.1587841752555504 0.1352549505065397
0.55 0.5; -66.88535083890753 -70.27497657099082 51.963766131881016; 0.17224541987936925 0.1587774510843771 0.13491370188998203
0.55 0.5; -65.16916262683127 -72.37246449841933 51.662987585181725; 0.172245270666167 0.15837736534140787 0.13622151917116368
0.55 0.5; -60.64467439092264 -72.80479909858734 51.66183508602047; 0.1718605199097461 0.15926819440806714 0.13622137219655203
0.55 0.5; -60.5729976279354 -71.62288363372745 45.976337233612846; 0.17179523805285069 0.15926522207427998 0.13662892584579425
0.55 0.5; -60.566939250222816 -71.6228762380723 42.03961375358379; 0.1717974355224931 0.15894075848913514 0.13662892572148488
0.55 0.5; -60.070687445105364 -70.31918019072404 42.39131102657466; 0.16552434817013548 0.1401955790345335 0.14371576840113015
0.55 0.5; -58.0970923253423 -70.31856141987178 39.024194389835095; 0.16552417333516842 0.14019583401380875 0.14404868060396736
0.55 0.5; -58.29978812173409 -67.9601766353544 38.87682931800031; 0.1653149804132717 0.14019665647540247 0.14475951251297034
0.55 0.5; -54.75564795838806 -67.95661356321402 38.395377648930754; 0.1653148864562805 0.1401855951358191 0.14410799796313511
0.55 0.5; -54.432318580606015 -66.17748065943465 37.587386325858866; 0.161396577581551 0.14362554548657208 0.14374152568213475
0.55 0.5; -54.36733068313079 -59.61758742720478 37.26637487319972; 0.1628752857491537 0.14362704192106565 0.14374413612221507
0.55 0.5; -51.291143868177976 -59.57725293809395 36.089980375970995; 0.15980487868743212 0.15356788325329965 0.14364483384027482
0.55 0.5; -51.26051111867701 -58.720315950562515 32.9003230649743; 0.15889819438680314 0.15357208551507998 0.14364668090665292
0.55 0.5; -52.34249017044844 -56.823099763760226 32.412381236910605; 0.15886566550552966 0.15357114749992345 0.14361696381338548
0.55 0.5; -51.79309099050594 -55.79260746711152 32.39063122183015; 0.15886545803332058 0.15359111971483405 0.14361406046057623
0.55 0.5; -50.05394567601707 -53.36693265568734 31.01748813346472; 0.15938566208663918 0.15207574618933614 0.1436129465476688
0.55 0.5; -43.95541831267602 -53.352971099768716 30.48679560785284; 0.16005699267634396 0.14658287420629718 0.14417760511994532
0.55 0.5; -43.70222071301304 -52.98006303131954 27.393545663410706; 0.16013181600221635 0.1465337075235359 0.14417550710943663
0.55 0.5; -41.45889492382577 -52.9783214085476 27.15370511667077; 0.160158397903415 0.14713434481324966 0.14419660142165594
0.55 0.5; -41.208902229778 -53.84265975196187 21.753117948927553; 0.15983064127736202 0.14675104848634596 0.14520692366979748
0.55 0.5; -41.15373596856856 -54.73621540252426 17.767025406258057; 0.15818091318976069 0.14732693661369178 0.14564795425666577
0.55 0.5; -41.12813764075121 -52.31557640735294 14.96294937598962; 0.15818231132629038 0.1469887751961775 0.14564481829808498
0.55 0.5; -41.577169560960265 -51.68022940182289 13.891984289168688; 0.15768555076773128 0.14816541720785173 0.14614698393547929
0.55 0.5; -41.558921592123504 -47.43657228147147 13.079980872968877; 0.15720084361107028 0.14521470163692665 0.1495887287564684
0.55 0.5; -40.95162369995042 -45.72485460907216 11.83148168897685; 0.15603485985999915 0.14215622283210402 0.15027592340704918
0.55 0.5; -40.67140516808814 -45.1108494978887 10.780270054387856; 0.15608816191050076 0.13721628385931026 0.15223558924578817
0.55 0.5; -39.456436610531256 -44.541248652239425 6.801180209599895; 0.15505108643958102 0.13739153074738777 0.1521221348397515
0.55 0.5; -39.01591071534021 -44.13095696362079 5.6953932735812165; 0.15498476315107168 0.13738775931855834 0.1513238592450667
0.55 0.5; -39.04449555773846 -38.13983156155964 5.258302850049147; 0.1548869128015538 0.1374007417816896 0.15124079793281994
0.55 0.5; -37.9279276061735 -38.117451654812385 1.9209518921387714; 0.154315012251962 0.13730769704695273 0.1514229336523019
0.55 0.5; -36.326728587112065 -37.941627525550125 -2.3824662781409165; 0.14688586579038349 0.1373074927621618 0.1515211521962599
0.55 0.5; -40.14945588280382 -37.636751371983124 -2.8082878459634237; 0.14887765467862663 0.14044095115045088 0.15044606196703375
0.55 0.5; -40.19050328694282 -35.97175816108133 -5.676238979124409; 0.14887848997466155 0.14046206159966598 0.1503457277277445
0.55 0.5; -39.326999680204885 -34.24321407998764 -6.293344758265871; 0.14943687485184975 0.1378319816605414 0.1421419224405998
0.55 0.5; -39.32298971745778 -34.23869197815343 -13.200450750938494; 0.14956438781493536 0.13647935233108927 0.14228768588225915
0.55 0.5; -39.76806364114725 -29.545196365432993 -13.65670823139678; 0.14948503771652186 0.1363220099065472 0.1416133203705276
0.55 0.5; -37.934973214410554 -26.92193509855483 -14.430144104844672; 0.14950842967969344 0.13748613528958273 0.14022387723781915
0.55 0.5; -36.29984787848812 -26.685374638395004 -15.223581120498656; 0.15060463686064043 0.14001228999723417 0.13924850237775502
0.55 0.5; -35.63345373714165 -24.277224279562724 -16.723703012023734; 0.1456238437630105 0.1501446895342426 0.1365515796087132
0.55 0.5; -31.69969678579187 -23.026808427717985 -16.818762514676504; 0.14543767183132553 0.1500912373823132 0.13711650642347487
0.55 0.5; -28.04958104180588 -22.97397349488574 -17.577347761555316; 0.14503087327073064 0.15007618433803346 0.13652336873539284
0.55 0.5; -24.353633995344108 -22.97396687105192 -17.837861970580025; 0.14440651080463918 0.15039008023193337 0.1365574900720639
0.55 0.5; -20.54017088469302 -22.117522513612887 -17.857906821698336; 0.1451033009288991 0.15046890909737062 0.13655504962175646
0.55 0.5; -20.234305781427796 -22.0599033017179 -18.941591108253917; 0.14554185340509285 0.1503864501360282 0.1381817522349035
0.55 0.5; -19.977451155755404 -17.094290774240463 -19.279754584000543; 0.14602229506763564 0.15115717759104116 0.14282438828700073
0.55 0.5; -19.700885642488824 -14.06703207169905 -22.584135786344522; 0.14598976514995515 0.153550328947804 0.14283166348429904
0.55 0.5; -19.700699345712668 -9.162370595198263 -22.67507266181073; 0.14598787068491995 0.15355135731218633 0.14681165017449258
0.55 0.5; -19.120130486328755 -8.718897392383791 -26.473869567901662; 0.14577700044233932 0.15366282893114988 0.14777511171670427
0.55 0.5; -19.046638202525536 -8.704542530882934 -26.669201996040456; 0.1457407779769297 0.15346994454767254 0.14772542947850809
0.55 0.5; -16.861054312977892 -7.857900455344376 -26.943275506240624; 0.14424348774740955 0.15340144747696163 0.1470399663725703
0.55 0.5; -13.906663762678424 -7.256660322180526 -27.528635512978042; 0.14424852460224757 0.1502468970088992 0.1466169217175494
0.55 0.5; -10.209095178717387 -7.233886813506557 -28.64726803951517; 0.14449520455586676 0.15024526329569177 0.14659839372822203
0.55 0.5; -10.252753640984736 -3.6179571265330672 -29.253252193101265; 0.14416678372042804 0.15203682394599413 0.13773256909693582
0.55 0.5; -10.244214364010865 -0.7218351671255635 -28.439929290408674; 0.14415020736076953 0.15204034734717273 0.13724243344680517
0.55 0.5; -10.21290797917001 -0.6306275583995505 -28.965514104655135; 0.14411422268811686 0.15188079810703672 0.13735547279634786
0.55 0.5; -6.814069659828477 -0.3407138777681316 -28.975969778793665; 0.14234407342269767 0.1516895243006759 0.13724967257028522
0.55 0.5; -4.736404978626489 1.5965570747252507 -29.00711136724545; 0.14321868288362652 0.15170003572291452 0.13860914802857047
0.55 0.5; -4.727738438235015 1.7322780267401896 -29.083679454545425; 0.14328208073878743 0.15127365332165735 0.14087026227986657
0.55 0.5; -4.712868113342429 1.770479152739373 -29.103711174028465; 0.1432372650655234 0.15116396921222905 0.1409139355235451
0.55 0.5; -3.394063694446128 1.7786089469705988 -31.38947630272402; 0.1429950917616422 0.15703118771905253 0.14088141243513155
0.55 0.5; -2.866123421424373 5.063688575888526 -31.633033581414175; 0.14302046788178194 0.15702246843994352 0.14049030406711713
0.55 0.5; -2.7216513953011394 5.0683887237089875 -37.98779388216685; 0.14301885438053105 0.15618415629774682 0.1405232977026599
0.55 0.5; -2.7444243063466196 5.835047296649166 -42.50596194892331; 0.14301718628284038 0.15223924357488575 0.14185287533540664
0.55 0.5; -2.3681321965270317 5.703586330452362 -46.2812001738117; 0.1424085902777654 0.15266570537328952 0.14280541320674947
0.55 0.5; 2.1813039352717 5.365671088592244 -46.501301201671126; 0.14240845444231506 0.15296300792471834 0.14280491963878694
0.55 0.5; 2.210667596996252 6.527331769885481 -46.81614314948592; 0.14228752556151733 0.15671336305802586 0.14252882904500247
0.55 0.5; 4.566609727548827 10.04542286468038 -46.33790785050972; 0.1444091527623524 0.15913700395885222 0.14222188865212615
0.55 0.5; 4.582713316502324 14.065340823440275 -46.36611803361244; 0.14440803741100536 0.15972794308359028 0.14383672801400868
0.55 0.5; 4.773270744468376 17.02258024280607 -46.423670280240984; 0.1443891870014768 0.16010127815667224 0.14373292182982222
0.55 0.5; 4.948048708113162 17.45105946172817 -46.9321735806125; 0.14438108548925083 0.16004135164781866 0.14332265073166955
0.55 0.5; 4.978203506753619 18.04043288807168 -48.4991125960511; 0.14524169412753024 0.160010584531513 0.1442606771444841
0.55 0.5; 10.606860622888735 18.460624194840648 -48.64794589490472; 0.14511492892664477 0.1601149032712696 0.1442112325128475
0.55 0.5; 11.004073016801726 24.505660668236867 -48.56109840094474; 0.14527568130696464 0.16015496851177144 0.14472171446007565
0.55 0.5; 11.232063346524285 27.29885260272786 -48.53719192061949; 0.1365308938033505 0.15167688049612738 0.1446426439327395
0.55 0.5; 15.583906129146191 29.55582737369091 -48.3621400097582; 0.13654530661524814 0.15227905720019083 0.1449286370303498
0.55 0.5; 18.260844161455097 29.985684422217133 -46.486223315702354; 0.12533682626675519 0.15055861171324506 0.14528664182439496
0.55 0.5; 18.286136470264903 34.098826283104025 -48.540782037228134; 0.12532660281580432 0.14922526133405156 0.14523141868575504
0.55 0.5; 18.690115179063376 34.34165760195139 -44.40568178792312; 0.11868402810716377 0.1462874929338345 0.15176474903738757
0.55 0.5; 19.171518140722217 35.18685864814613 -44.1571609793142; 0.12196825850065207 0.14622332616469 0.15154853179038322
0.55 0.5; 21.043325396290147 35.52002721903387 -44.09263704114175; 0.12201583869079792 0.1462439195988751 0.1515096987741096
0.55 0.5; 21.868572692227538 35.61066258868685 -41.383286785880806; 0.12201068900184253 0.14443472599823962 0.1514982471388701
0.55 0.5; 21.949197958456175 39.576966470302104 -40.41908322097381; 0.12201049354227782 0.128801564821224 0.1514849584737042
0.55 0.5; 21.468387520024933 41.896401566141414 -40.300154596093975; 0.12950332139437087 0.12986481916989281 0.15145254070331796
0.55 0.5; 20.908567991001686 41.910897651721044 -38.69455977639754; 0.13007143325005152 0.13130348412877813 0.15037726117423478
0.55 0.5; 25.594975721222188 41.91651813386007 -38.693111795284416; 0.13012469463740037 0.1313304820880367 0.14882282885605605
0.55 0.5; 29.47468722369129 42.83329848842974 -38.33216386816531; 0.13112397056177663 0.13136319563596432 0.14953408894663703
0.55 0.5; 31.07869493588211 42.69595645199835 -34.668039023745195; 0.13258739966433555 0.12579135592618482 0.1495753992198113
0.55 0.5; 31.12980134451005 42.53045767459005 -31.44884846716977; 0.13283133549819573 0.12588397609895258 0.16110698459524656
0.55 0.5; 31.77490316504357 42.09088365394818 -25.782865704371016; 0.1324201798163382 0.12582627850334405 0.1611024368250366
0.55 0.5; 31.868044792071426 45.0684372506976 -25.412342360828198; 0.13229135875137596 0.12539717209795753 0.15987749928569264
0.55 0.5; 31.871028235441624 46.58108243864883 -21.99862046355037; 0.12887339138814405 0.12577955949431283 0.15987517701781576
0.55 0.5; 36.147022405269205 47.07861646464499 -21.231702419652883; 0.1288408513215267 0.1251060178739525 0.16031019161475651
0.55 0.5; 36.216306692442004 42.38536342707628 -20.923643795493952; 0.12864470757610008 0.12509307129705802 0.16278065177745762
0.55 0.5; 35.946927460752285 41.27155177121386 -19.003866841394043; 0.12927391814316117 0.13916794387411532 0.16464353363919107
0.55 0.5; 35.640292651860285 42.06132152891269 -16.820216290203362; 0.14377640681031106 0.14907184303585402 0.1531819741601376
0.55 0.5; 35.76684197292981 43.71368998011124 -11.900869022365583; 0.14224009089028927 0.14863096850939936 0.1531506127814918
0.55 0.5; 37.004847016597274 47.230194244059824 -12.29457187697122; 0.14200015618788533 0.14970925073133853 0.1534335273877627
0.55 0.5; 42.06871973647677 47.21564489807991 -12.294887467848586; 0.14573667009170552 0.14869858246285977 0.15369439030250753
0.55 0.5; 45.15047762346589 47.484648186809856 -12.310670578907033; 0.1457503880845999 0.14727204828586504 0.15362975865962045
0.55 0.5; 45.70163366119524 47.49621319049903 -15.036598531591206; 0.14593103038712704 0.14691569096809895 0.1496531917009936
0.55 0.5; 46.16482430775431 47.49498971778011 -16.309212581830998; 0.145893658489573 0.14692091668393037 0.1484080228825852
0.55 0.5; 50.39854479869475 49.67658779671554 -16.32162859872543; 0.14578691549550155 0.14685905932630375 0.14837324887584608
0.55 0.5; 51.75396676504624 50.04741214767431 -16.479093137105487; 0.14846854074792185 0.1468180020754622 0.14844431155164217
0.55 0.5; 51.888798772186014 49.88281276716183 -16.87936695357559; 0.14723379754969065 0.1249186211569733 0.1557906967155925
0.55 0.5; 58.66604548239002 49.88838131649769 -16.87942918269577; 0.14733106939439533 0.12491880295306737 0.15578899872337565
0.55 0.5; 64.1376820865185 49.94993826596847 -16.94437147053324; 0.14805440347083507 0.12491649745814003 0.15582823372897622
0.55 0.5; 64.13905320431326 49.959746357696034 -23.59115681505716; 0.1481005318185711 0.12490533977292273 0.15625652475688145
0.55 0.5; 66.54462471071881 51.98643796529627 -23.594795712677637; 0.1466047519255222 0.1248975379364883 0.15609985212463273
0.55 0.5; 67.1619328883846 52.090437682881976 -25.59476362478123; 0.1467511088140019 0.12452926199385561 0.15623481945007994
0.55 0.5; 67.18729753639666 52.96984916554299 -25.859158961413893; 0.1467562419769798 0.12452787670329686 0.15655460533604157
0.55 0.5; 67.18764339144364 57.03274906608396 -26.22879428320159; 0.1467655990166319 0.12328673829866954 0.15687669175063582
0.55 0.5; 67.47560055721219 60.4165895247193 -29.161435808901228; 0.14662190311585935 0.12290360373717958 0.15605028943672775
0.55 0.5; 69.39735925944677 59.05539263444706 -29.20382128416377; 0.14774272958482113 0.12248577003676928 0.15213832953596113
0.55 0.5; 69.98927806016928 59.41459612012133 -33.43967486510453; 0.1479580946196453 0.11707070360088251 0.15852318001352078
0.55 0.5; 69.9908060233753 60.07114256219237 -33.449217314999885; 0.1478435891279759 0.11679183988904712 0.1585229551354959
0.55 0.5; 69.99078535186986 61.58982483135282 -33.4983542569702; 0.14751736675760654 0.11644496239527286 0.15854081144667262
0.55 0.5; 70.56745588682315 62.825430065220715 -36.88698863517114; 0.14753406017003518 0.11609385935647358 0.15891183545192822
0.55 0.5; 70.99717504246684 63.60020293348817 -38.09807024035444; 0.14866822255600795 0.1160495164238257 0.15423235453512346
0.55 0.5; 70.80532075104773 66.17690956250325 -40.06813667095461; 0.1549043204194002 0.11603461473121596 0.15380903406781704
0.55 0.5; 70.76485325290149 66.24502840389958 -41.000141550235085; 0.14949319034196654 0.11596554125143493 0.16484185009960392
0.55 0.5; 70.60354643504702 66.5280718490814 -41.670945562684295; 0.14950002475959498 0.11592411144870263 0.1679350463737426
0.55 0.5; 71.30745871099073 66.52531980274128 -44.021041984113445; 0.14950029460516515 0.1158913052278477 0.16853949314898733
0.55 0.5; 71.42310526513437 66.52584819192418 -45.792478432133976; 0.1492662170664248 0.11580410111743943 0.1750718055976179
0.55 0.5; 71.64731060345241 66.59165249426084 -51.276584462958176; 0.14912541014863237 0.11571375600191508 0.1750727234457536
0.55 0.5; 71.6977055591419 69.08520625836877 -51.16860755434385; 0.14803018600531273 0.11571406622934047 0.17503604693698807
0.55 0.5; 71.68016347491007 69.3002471708648 -49.393176116788204; 0.14796471249070406 0.11286779389634419 0.175178733983598
0.55 0.5; 71.95727809903039 69.31807523329243 -50.00523656946517; 0.14806172928140937 0.11200881069400156 0.19103494700924503
0.55 0.5; 71.97135319509714 70.2191899706125 -50.01009031191582; 0.14772529331531653 0.1119565103346601 0.19103251984756434
0.4999999999999999 0.9; -87.81954714620619 50.01009031191582 -70.2191899706125; 0.19103251984756434 0.1119565103346601 0.14772529331531653
0.4999999999999999 0.9; -86.947256300139 51.48540758558152 -70.22424974819448; 0.19089461893136922 0.11197707406493393 0.14765698181020886
0.4999999999999999 0.9; -86.86573829807256 52.17489458433672 -76.18998406192476; 0.190914899991044 0.11289912608243326 0.1482044462201881
0.4999999999999999 0.9; -83.65920096949712 52.87594068038792 -78.14952928180928; 0.19066342344098955 0.11818410155266221 0.14823712145714754
0.4999999999999999 0.9; -83.65639397289269 48.636405821655146 -78.14970866112245; 0.19066014791171462 0.11818430883206696 0.14823712090254923
0.4999999999999999 0.9; -82.68541387902893 48.33941235646844 -82.93667519560181; 0.19049949322459891 0.11857257991627555 0.1492071692500873
0.4999999999999999 0.9; -80.63873679786053 44.89792601198398 -83.11794677808025; 0.19046921974585704 0.12206213862658963 0.14926673423057435
0.4999999999999999 0.9; -77.9421162988947 41.646665380220526 -83.23172770284314; 0.19046773590920255 0.12168038337455281 0.14953980947596698
0.4999999999999999 0.9; -77.97523444473825 41.338664528900736 -83.94187672319265; 0.18853483293411405 0.12952012497469903 0.15629502965160436
0.4999999999999999 0.9; -78.69784728827555 41.307494700747995 -86.49924288720435; 0.18711805964287298 0.12949323573518456 0.1557862983922686
0.4999999999999999 0.9; -77.69646533432082 40.83499439770648 -85.94558084886555; 0.15883579543703974 0.12977111040830733 0.15613536303659795
0.4999999999999999 0.9; -76.31693005446495 39.9591132202334 -89.15543203138175; 0.15201380664844175 0.1355946849510528 0.15087940086367482
0.4999999999999999 0.9; -76.20951866309001 37.09481207394101 -89.17225294000994; 0.1520127955156804 0.13619813718788312 0.15052520283601686
0.4999999999999999 0.9; -73.980010409122 36.86926013546814 -92.58985887496894; 0.14939185313254155 0.13675837251324258 0.1504318907571944
0.4999999999999999 0.9; -75.94713292127963 36.83552434052345 -92.65459287700536; 0.14940729920032103 0.1367579449316829 0.15053975884143853
0.4999999999999999 0.9; -75.97662429118532 36.57680002108192 -93.63580239499733; 0.15311103812768156 0.1496449390896424 0.15160705162037189
0.4999999999999999 0.9; -75.77460514254965 36.439330220677085 -95.64274144255283; 0.15382913777353646 0.15486596851637716 0.15330457046734342
0.4999999999999999 0.9; -73.5406596663291 35.98788496204284 -96.23181204496878; 0.1531983107763737 0.13617622849492012 0.15285708986697627
0.4999999999999999 0.9; -73.36359874949348 35.94019374056445 -98.06600163151057; 0.1532196947720324 0.13633896962556977 0.1528605325307482
0.4999999999999999 0.9; -72.70840354428296 35.13745734867785 -99.26533972534259; 0.14854485589969715 0.13649594160996215 0.15455381833820764
0.4999999999999999 0.9; -72.49376344577232 32.582412822262064 -100.39312013938263; 0.14854486496481234 0.1367130119777574 0.15281384314777893
0.4999999999999999 0.9; -72.76230256610042 32.22901502588817 -102.72436385869135; 0.14903027269668784 0.13671889529564885 0.15296720808804967
0.4999999999999999 0.9; -71.61143499670604 29.49050034939476 -102.86519453701302; 0.1484375671348392 0.14941075630669168 0.15294381839351429
0.4999999999999999 0.9; -71.61195976923655 26.473492756677903 -103.01221556812914; 0.14841817761096238 0.15728569301770776 0.1529180517672042
0.4999999999999999 0.9; -70.76251615658518 22.351285167199066 -102.19678074565499; 0.1468786714859518 0.15639760207693892 0.1525874712109511
0.4999999999999999 0.9; -71.83771466535772 21.662994478898163 -101.73011447474214; 0.14665921768069942 0.14426484383003904 0.14930155902110265
0.5 0.9; -70.43872449950284 19.88767143704288 -99.49297811892454; 0.1475341233955487 0.14775950786598824 0.13232056462901742
0.5 0.9; -70.45779180690748 19.88989108178327 -93.15053449385321; 0.14764309867737835 0.1478786098866693 0.132309051369675
0.5 0.9; -70.45834282002889 18.243377033924617 -93.1637348175157; 0.14712652652381306 0.14788602991924144 0.1323869932619614
0.5 0.9; -75.39693011067702 17.678557651642258 -93.29106026382775; 0.1470554119176957 0.1500617491915921 0.13397461472122651
0.5 0.9; -77.57122599814043 15.529514542366924 -94.44320435112593; 0.1471036628165994 0.13871251564984585 0.13382469368281888
0.5 0.9; -77.97108889544707 9.650034280748494 -94.31441307784212; 0.1464877249891647 0.13874422491162763 0.1338230971842109
0.5 0.9; -77.98055269937586 8.393100255780213 -94.14805464313375; 0.14309144522438105 0.13868009089885922 0.13319269967640096
0.5 0.9; -82.71237037122482 7.333650465000205 -93.92215850651498; 0.14299272385920603 0.1386073842888606 0.13322725425267856
0.5 0.9; -82.78218521245006 5.313669572557708 -93.86815087812603; 0.1433641206260684 0.13859416315603323 0.13166129565689408
0.5 0.9; -83.32851285755761 4.040893980241353 -93.57742545494558; 0.14336917624747522 0.1407185407405016 0.13165927736980343
0.5 0.9; -86.45211804726645 0.9669918192681403 -93.01653077221702; 0.14322883728882108 0.14108891593475997 0.1315973348077706
0.5 0.9; -86.4629770166424 0.28366986014003454 -92.95611761371536; 0.14334970825469023 0.1409516321513556 0.13162074074687607
0.5 0.9; -87.60288610118211 -0.2085865491002412 -92.34721685701186; 0.14289827769447752 0.141119446722849 0.1315870184108507
0.5 0.9; -90.18145831811903 -1.680973135901211 -92.17762455349455; 0.14308394775296812 0.14504301740427225 0.13158219809324095
0.5 0.9; -91.14386574487177 -4.367719357059039 -91.09315968952693; 0.14263420656468181 0.14469784858141232 0.13251523580373792
0.5 0.9; -94.73877513086127 -4.656021607141714 -91.09296783834505; 0.14261393270039874 0.13491036606341303 0.13250597931494237
0.5 0.9; -94.81596328661907 -4.61133814006424 -86.73213533101608; 0.15906258318413347 0.1349467142904034 0.13251086340833074
0.5 0.9; -94.86218730408395 -4.5383229001202094 -83.62972531830094; 0.15903530916148914 0.13495820725024246 0.13251088462157742
0.5 0.9; -94.90904765116724 -4.81600141246346 -83.00714181055973; 0.1590352988523749 0.13495504179249204 0.13249608090942894
0.5 0.9; -95.21084737434883 -5.366707166820758 -82.93078437478813; 0.15869164238330127 0.13242719770806197 0.13322434211730433
0.5 0.9; -95.36052027910924 -5.477053925476367 -80.26786285218392; 0.15869738640000275 0.13240544310257035 0.13319917339800544
0.5 0.9; -97.91237078140506 -5.469572010367771 -77.9004176965008; 0.15939511843038778 0.15117582467790452 0.13317221819605748
0.5 0.9; -100.35665806181176 -7.674837362785871 -77.75909465547892; 0.15944632683398965 0.15403394750261423 0.1331229512695144
0.5 0.9; -101.88014631204233 -7.68363474595966 -77.51024544418048; 0.1591494164102914 0.15597575925513715 0.133086824294989
0.5 0.9; -102.11907947447602 -8.32914071414269 -76.78332689310726; 0.1571424790986073 0.15597713661620563 0.13301957474074083
0.5 0.9; -103.22075301587448 -8.568110402809092 -74.1455933156312; 0.16977240738764582 0.15752780669760927 0.14025313509471243
0.5 0.9; -102.16188759842366 -8.63483885820321 -71.37938707246289; 0.16988638468221923 0.15767126962268044 0.13775191625866312
0.5 0.9; -102.1444531712446 -13.291871228920733 -70.18871178647333; 0.1699201890495893 0.14906444405901548 0.13738094455751748
0.5 0.9; -100.92869407653158 -13.410583531995629 -68.58739315683576; 0.16793034542916424 0.15166987671847357 0.13877563749966595
0.5 0.9; -101.08770902093065 -13.30452124523906 -67.00093710421356; 0.16940031661668414 0.15170109897869957 0.13790417620324397
0.5 0.9; -101.85936431344464 -15.6608007702963 -65.4721267846489; 0.178842727106801 0.15124508402882922 0.13862183538149916
0.5 0.9; -102.69346188800333 -16.291547162085458 -64.9217663863204; 0.17857522420476862 0.15177750250204314 0.13751965736829352
0.5 0.9; -105.65755587074734 -17.459633404407025 -63.17422104965921; 0.17858117497384052 0.15185204780278866 0.1374440644382286
0.5 0.9; -106.5173634616959 -20.324973226270515 -63.16077055927227; 0.17853080973341423 0.15185257903312765 0.13663211893928282
0.5 0.9; -109.67390137025389 -22.437765750766417 -63.16046541620374; 0.17858774718212983 0.1518289322248682 0.13620901617897016
0.5 0.9; -110.07943400569627 -23.025372642456638 -60.24491493268617; 0.16020690681068847 0.1513461850267889 0.15491006437684193
0.5 0.9; -107.75065669448549 -23.6845001989879 -59.40084374761846; 0.16014537272948642 0.14572009288045804 0.15654339988431526
0.5 0.9; -107.44258766870375 -24.551387897286727 -56.005661299873886; 0.1602237606338584 0.14377445590343502 0.15681173245066848
0.5 0.9; -105.15283074218108 -24.642256522292328 -54.683436155484046; 0.15641819083842629 0.1421749230257834 0.13222906327022707
0.5 0.9; -106.76832913570985 -27.065154178722057 -54.468536758180505; 0.13197649121266333 0.1421649363678123 0.12595011398734854
0.5 0.9; -107.38751862851876 -27.89781188477028 -54.44580167187974; 0.1279894071864751 0.13800394550120604 0.12464675685586811
0.5 0.9; -107.39283989640457 -29.18538775430584 -54.40595202763403; 0.12813885125392743 0.13802818541142597 0.12464766491143967
0.5 0.9; -108.96742517206741 -29.386304771406586 -53.660857395391474; 0.12811407755351312 0.13813772493081117 0.12405024842357001
0.5 0.9; -111.40634459958777 -28.56642297020864 -53.09467792526708; 0.12732514373783457 0.13755328059644464 0.12463691214462999
0.5 0.9; -111.81087963401876 -29.69749550820427 -51.47495632302742; 0.12735286290673048 0.13685797238776692 0.12458874823141737
0.5 0.9; -115.95646588188374 -29.748059408856836 -51.47074545777818; 0.1193475394074037 0.12273345792354316 0.13308286994868912
0.5 0.9; -117.71018142778382 -32.35615224060731 -49.57324774750445; 0.11899004453552607 0.12128338860725188 0.13024014684321478
0.5 0.9; -117.78151089962994 -34.66952208615573 -49.489617972236495; 0.11906061592285928 0.1239998949072703 0.13055534320389495
0.5 0.9; -116.95142008202276 -36.66184354459843 -47.35040196956114; 0.11905675845376622 0.12378426808924776 0.11738150941596548
0.5 0.9; -116.95114232601931 -43.396048258234906 -47.34262762353442; 0.11902639313482649 0.12358623298857538 0.11718355816212794
0.5 0.9; -120.37510710284515 -43.121612717194196 -47.17425668851905; 0.11760742601375195 0.12364973884361061 0.11524323087107625
0.5 0.9; -120.5651318141456 -43.11719051334275 -40.66684194578258; 0.11760738376289169 0.12363630947349384 0.11524626178248996
0.5 0.9; -122.03977326221413 -44.048860468303 -39.301023955796374; 0.11755469722978161 0.12363137176723785 0.11554789279419017
0.5 0.9; -125.36554815017601 -43.48306850192175 -39.242832973778626; 0.11764332898099246 0.11506837781768607 0.11354245716119311
0.5 0.9; -126.32692725167186 -42.05980083420095 -38.60303160452247; 0.11600080681192781 0.11414093806490246 0.11325132386405415
0.5 0.9; -130.86399990954823 -42.087768349958424 -37.20894564845646; 0.11341436706843512 0.11356605340607577 0.11146559512281654
0.5 0.9; -131.00215922688145 -41.54933515742031 -31.805464243788357; 0.11341432441355416 0.11342718749490391 0.10577893166877576
0.5 0.9; -131.13050825600473 -41.65343582265486 -31.869154291408744; 0.1133180992157497 0.11270252276065477 0.1057849522007914
0.5 0.9; -134.44339978221882 -41.69685901449452 -29.356697434563362; 0.11078319621711168 0.11213115905139587 0.1057846454814992
0.5 0.9; -135.0070081341759 -41.75096768850516 -29.64809701388846; 0.10836551750243359 0.1122177598882094 0.10577380628264646
0.5 0.9; -135.02052735567082 -42.264745529206714 -30.20094783161267; 0.10000093087671183 0.10000035200207529 0.10000007699077258
0.5 0.9; -135.0 -45.0 -29.999999999999993; 0.1 0.1 0.1
