0.5 0.3; 68.25828278148713 109.60166072600069 -25.230308904945492; 0.2 0.2 0.2
0.5 0.3; 19.713016043913907 58.22702472834003 -73.47940477563853; 0.2 0.2 0.2
0.5 0.3; 139.96375954826308 -42.101628040996744 87.73001769691146; 0.2 0.2 0.2
0.5 0.3; 14.77271544928614 53.03776958272522 136.24203104169771; 0.2 0.2 0.2
0.5 0.3; 53.55945145112811 101.92158165627859 27.69485631663979; 0.2 0.2 0.2
0.5 0.3; 73.26539512348033 -14.19959270580816 -68.94590671987255; 0.2 0.2 0.2
0.5 0.3; 101.38154422978995 -17.271077415708653 71.40780469653258; 0.2 0.2 0.2
0.5 0.3; 43.7818468789588 -60.65480830487578 -61.42830690673473; 0.2 0.2 0.2
0.5 0.3; 152.038099020893 -24.713579956528303 25.264101465698257; 0.2 0.2 0.2
0.5 0.3; 119.53070866029292 -157.77792512657413 81.4137289696324; 0.2 0.2 0.2
0.5 0.3; 158.70038033745257 -74.42344230673113 -0.18674284410776884; 0.2 0.2 0.2
0.5 0.3; 85.77318627152049 33.3718722459504 -42.769454596454345; 0.2 0.2 0.2
0.5 0.3; 56.7753014101597 84.72567470791962 87.46389293519776; 0.2 0.2 0.2
0.5 0.3; 28.854341254237386 11.87604409234273 128.8253315329445; 0.2 0.2 0.2
0.5 0.3; 125.83165218815803 -5.504004814394353 -32.542322606755036; 0.2 0.2 0.2
0.5 0.3; 30.094214093099144 129.2479977322371 -98.38898559380776; 0.2 0.2 0.2
0.5 0.3; 34.28373249126352 34.89729581631326 -95.88785583203476; 0.2 0.2 0.2
0.5 0.3; 158.37186606159443 42.058703597151805 -122.94616666532777; 0.2 0.2 0.2
0.5 0.3; 140.41613259028122 -58.0039441314684 80.16651088745826; 0.2 0.2 0.2
0.5 0.3; 132.6986525555877 82.11944203924963 37.07696919531164; 0.2 0.2 0.2
0.5 0.3; 144.59181912109293 -23.064567538158155 -52.144213007912775; 0.2 0.2 0.2
0.5 0.3; 30.88517010152801 17.19450050887405 -133.33250359628215; 0.2 0.2 0.2
0.5 0.3; 55.6735426600133 99.9612766034159 64.9766104723365; 0.2 0.2 0.2
0.5 0.3; 160.63907666616416 -98.60983711488541 40.41716325085257; 0.2 0.2 0.2
0.5 0.3; 75.23118670906524 -28.308133276687563 -151.6893866912753; 0.2 0.2 0.2
0.5 0.3; 112.02022118047097 89.7985966928245 -126.43893803773008; 0.2 0.2 0.2
0.5 0.3; 107.86629529864766 -56.13613160840374 80.56654861137234; 0.2 0.2 0.2
0.5 0.3; 37.663403840372105 52.81219838759783 54.56909709942188; 0.2 0.2 0.2
0.5 0.3; 16.857404539963845 -1.8770200485645336 -135.86416545570393; 0.2 0.2 0.2
0.5 0.3; 38.74909417164458 104.9227652104373 -144.39798678288696; 0.2 0.2 0.2
0.5 0.3; 106.31927834633824 12.201148589712053 49.638550336064206; 0.2 0.2 0.2
0.5 0.3; 136.85419884768993 -10.962508229417912 -94.03955965122927; 0.2 0.2 0.2
0.5 0.3; 48.00166673802203 68.94210108935101 -144.71188076650031; 0.2 0.2 0.2
0.5 0.3; 3.458659409599189 50.063852942422784 -26.582204220367394; 0.2 0.2 0.2
0.5 0.3; 0.07319489897350545 140.03850152662463 -53.92930099305312; 0.2 0.2 0.2
0.5 0.3; 10.39075244267096 79.67710020803226 135.5345022462819; 0.2 0.2 0.2
0.5 0.3; 163.90440855806634 3.4312932847503417 161.81562606011448; 0.2 0.2 0.2
0.5 0.3; 72.33038041055241 65.78265822146203 94.97711699955572; 0.2 0.2 0.2
0.5 0.3; 37.189273596318586 -43.26448156023679 -80.44633948953248; 0.2 0.2 0.2
0.5 0.3; 139.0597833861409 87.01990035203447 -41.84290238977967; 0.2 0.2 0.2
0.5 0.3; 107.58391519676933 -39.74170543859294 37.490697155733685; 0.2 0.2 0.2
0.5 0.3; 102.34256385531957 -131.3326647121077 38.67677219536648; 0.2 0.2 0.2
0.5 0.3; 59.5298774104027 1.613594769945562 -131.63078429613867; 0.2 0.2 0.2
0.5 0.3; 34.97141654715504 2.2751061885335595 67.73037838159769; 0.2 0.2 0.2
0.5 0.3; 122.56056448374231 -47.67937591773479 -126.01571209590699; 0.2 0.2 0.2
0.5 0.3; 110.77483748855737 -10.264584547695748 -60.658311358148076; 0.2 0.2 0.2
0.5 0.3; 133.7091157941576 -90.9702055702455 144.8281244188644; 0.2 0.2 0.2
0.5 0.3; 97.75116003952863 -65.96327380566888 -90.0263041815779; 0.2 0.2 0.2
0.5 0.3; 120.76465440180506 23.56451342790271 -128.49327921328089; 0.2 0.2 0.2
0.5 0.3; 120.27627025860617 -157.84979263289964 17.276829696978915; 0.2 0.2 0.2
0.5 0.3; 83.77211227588155 70.88580346840273 -121.33139510016417; 0.2 0.2 0.2
0.5 0.3; 98.78639703074786 10.471101825414078 164.7733708832428; 0.2 0.2 0.2
0.5 0.3; 29.19018956988095 109.89792087674773 -9.297775172937406; 0.2 0.2 0.2
0.5 0.3; 159.78363154403726 8.734442408469146 93.44698362639609; 0.2 0.2 0.2
0.5 0.3; 37.86750794110081 -8.520840708541954 149.77217369829847; 0.2 0.2 0.2
0.5 0.3; 8.22748574230971 -61.40590648336461 118.15576628798816; 0.2 0.2 0.2
0.5 0.3; 100.938266154518 107.63738633507904 -30.888831700755276; 0.2 0.2 0.2
0.5 0.3; 21.85551664606693 63.2128955204933 95.82569199747444; 0.2 0.2 0.2
0.5 0.3; 23.90108176651629 130.14208864595983 -98.93480328975157; 0.2 0.2 0.2
0.5 0.3; 120.1058426866381 -54.030966731660094 158.62709361019958; 0.2 0.2 0.2
0.5 0.3; 37.017169120902665 -84.67461638254623 1.5369802331116802; 0.2 0.2 0.2
0.5 0.3; 105.90870391924295 42.23644931706197 -60.74265757825663; 0.2 0.2 0.2
0.5 0.3; 95.2246649463052 -13.819162825852091 68.63599224777359; 0.2 0.2 0.2
0.5 0.3; 11.81492290941801 -7.211592250649178 -76.19617284379063; 0.2 0.2 0.2
0.5 0.3; 66.14621397230174 -67.27854936470762 -131.9079288086356; 0.2 0.2 0.2
0.5 0.3; 64.60400983079305 88.4303619645434 -81.00958848062261; 0.2 0.2 0.2
0.5 0.3; 115.96312197648484 -5.758238807397396 -160.546947417567; 0.2 0.2 0.2
0.5 0.3; 119.52643242946077 -81.79827959694491 -21.14467700160092; 0.2 0.2 0.2
0.5 0.3; 128.35845743498115 20.749143729262514 113.26287494353937; 0.2 0.2 0.2
0.5 0.3; 141.2723326734152 -9.41432376560668 1.2056196730297781; 0.2 0.2 0.2
0.5 0.3; 28.139517697530735 137.25176878045065 -48.01104891508918; 0.2 0.2 0.2
0.5 0.3; 124.89831468485339 -30.18279917657949 75.37241679854428; 0.2 0.2 0.2
0.5 0.3; 73.76368930030766 93.93242407169777 114.66921111304995; 0.2 0.2 0.2
0.5 0.3; 50.11135259995794 91.01630571372316 -108.09370891379407; 0.2 0.2 0.2
0.5 0.3; 31.479883189804 23.48893260269785 -17.088856363179307; 0.2 0.2 0.2
0.5 0.3; 48.36090477039669 2.173470826755723 5.044645016067157; 0.2 0.2 0.2
0.5 0.3; 47.16615693629684 -95.10454167662714 -27.613200527411404; 0.2 0.2 0.2
0.5 0.3; 97.11747035686668 82.45597619254298 68.15845727361565; 0.2 0.2 0.2
0.5 0.3; 11.050476231877473 69.44106205975964 48.58463892690819; 0.2 0.2 0.2
0.5 0.3; 83.54933627874875 98.13959238243001 -77.69636340153176; 0.2 0.2 0.2
0.5 0.3; 70.66899608346745 144.99843280220077 -144.7842442656231; 0.2 0.2 0.2
0.5 0.3; 157.79492367721443 -99.98554506725374 -71.71408419726991; 0.2 0.2 0.2
0.5 0.3; 63.771447164656244 157.32872273942738 -154.48694027863453; 0.2 0.2 0.2
0.5 0.3; 97.67996492097382 133.60314895742275 -46.62653037521118; 0.2 0.2 0.2
0.5 0.3; 71.83937060404179 89.38871362135455 125.11242436341203; 0.2 0.2 0.2
0.5 0.3; 56.96550939297895 76.48308244411021 -43.534235480428805; 0.2 0.2 0.2
0.5 0.3; 77.0535997273699 6.709718131652644 135.10041797754022; 0.2 0.2 0.2
0.5 0.3; 154.41111214460017 -36.59439079203406 73.52195632186705; 0.2 0.2 0.2
0.5 0.3; 89.4559040757596 27.179137038412232 -20.228395139745537; 0.2 0.2 0.2
0.5 0.3; 114.28015001199314 11.583821108977824 -59.42263752321449; 0.2 0.2 0.2
0.5 0.3; 151.98377589125687 30.67760706782742 164.95783984461715; 0.2 0.2 0.2
0.5 0.3; 4.46122684348444 30.169511177786678 -106.33384304691347; 0.2 0.2 0.2
0.5 0.3; 133.7601884865947 14.213094589024784 153.35048830031843; 0.2 0.2 0.2
0.5 0.3; 85.58244300395232 47.23940108317584 -121.359779149247; 0.2 0.2 0.2
0.5 0.3; 84.29313442586022 -15.357800632464686 -97.2214487737352; 0.2 0.2 0.2
0.5 0.3; 103.24769832015447 -107.2526467621434 -38.26805942055991; 0.2 0.2 0.2
0.5 0.3; 4.133451837073093 -12.306897814803627 93.9472487315277; 0.2 0.2 0.2
0.5 0.3; 66.55765693243393 -93.56112846526327 35.443612369819036; 0.2 0.2 0.2
0.5 0.3; 9.100510731457808 -24.764438054808952 130.32866383225897; 0.2 0.2 0.2
0.5 0.3; 115.001046331891 -21.236231806333446 -162.2632428731855; 0.2 0.2 0.2
