0.65 0.255; 115.00000000000003 48.59760723298856 80.51486438370779; 0.16545224626683697 0.13700179374029287 0.18895587633210423
0.65 0.255; 114.89183522594043 48.842039167277925 73.89607100003053; 0.16536200063762188 0.1364765524309305 0.18891643146479337
0.65 0.255; 114.3131687761692 48.474867209523765 68.70182332901449; 0.1653239860036786 0.13562546237926545 0.188819473914187
0.65 0.255; 113.72078931462352 48.073547715315826 66.92532818060285; 0.16533632612396146 0.1359507015411503 0.18852570723003853
0.65 0.255; 113.72016012995122 47.75826414269086 64.33493112046466; 0.16645177582499646 0.13676929050773304 0.18848104896778523
0.65 0.255; 113.62654962279639 50.34498291616802 62.85568243646552; 0.16737860146289674 0.1367688693167709 0.18789279230558548
0.65 0.255; 111.07690489681218 50.45814049209663 62.31470867015033; 0.16681337907588095 0.1371628148211318 0.1866689605155162
0.65 0.255; 109.74426894851436 52.747275861607896 60.948210304779096; 0.1657545650736378 0.14649513881393025 0.18368509683780565
0.65 0.255; 109.50933434600243 53.49598402485787 55.73105601062208; 0.16667420278302855 0.14543598305532443 0.18377586765061368
0.65 0.255; 109.05297529615744 53.95826660146413 51.37976909983796; 0.16666693421016976 0.1449205078281822 0.18373843795165287
0.65 0.255; 106.1764751413159 54.12057346463542 48.41392630242413; 0.1571217319286304 0.14434212525823734 0.17898120646409124
0.65 0.255; 105.21011381048577 51.55093855219289 48.33513343048282; 0.1546396910123613 0.14537300116345006 0.1593500171964461
0.65 0.255; 105.1594610089229 51.525740024930364 42.28498579472241; 0.15463887088661638 0.14536918091632692 0.1596042007355762
0.65 0.255; 105.22091577804336 49.88357170659 40.02138840863781; 0.14937948480176536 0.14268034103074043 0.16104327040129085
0.65 0.255; 104.31154826280128 46.778323346895746 39.64589734340934; 0.14938273331121857 0.14263611269324278 0.16058955049204152
0.65 0.255; 103.16242466465177 42.26437150705545 39.076474562770365; 0.14940511609139245 0.14250331021406504 0.16660165911272384
0.65 0.255; 103.32417558820296 41.706536946511775 38.858031094706234; 0.14691408577179518 0.14155142662270254 0.1665848159151815
0.65 0.255; 102.73946440596737 41.65366687998144 38.88475340970299; 0.14689999761945752 0.14155158999815914 0.1664728236133781
0.65 0.255; 102.0882598664847 41.30511984733696 37.56648884152282; 0.1479940131277606 0.1392107506490362 0.1664307390251652
0.65 0.255; 103.05616943320615 40.7797203413386 35.46518590558443; 0.16193179760998108 0.13892406437699006 0.1656402961681579
0.65 0.255; 102.85180809659329 40.565169233585 32.71815987044794; 0.1627241319298349 0.142540307256919 0.1596885565815379
0.65 0.255; 101.39681935120414 40.785559480193484 32.22222675202132; 0.16271510158623131 0.1430194798546677 0.16033338610972078
0.65 0.255; 100.59441256429061 38.157210985474876 32.152333517686216; 0.16270677015742074 0.14275201041530433 0.15967566003712672
0.65 0.255; 99.76106671424745 37.885410754676165 31.309167881414957; 0.16177221539452696 0.13530529938936242 0.15714111884075538
0.65 0.255; 99.54600602937184 37.86971493245635 26.752148185043357; 0.16121466407462745 0.135308923174488 0.15572177579636887
0.65 0.255; 99.89213298880226 37.491061519003274 21.80788894620068; 0.16091463525624575 0.139345281440148 0.15579635612027795
0.65 0.255; 99.89210888416879 35.459253549487826 21.782806491934277; 0.160912190559135 0.13935222670938535 0.1557951622388041
0.65 0.255; 99.37167665848035 35.32400582581845 18.729215477251397; 0.16097366891324513 0.13880749708076065 0.15576943194213735
0.65 0.255; 100.20920961642028 35.44917311493969 15.801887259852707; 0.16153986179050656 0.14942279030697098 0.13365565279759622
0.65 0.255; 100.72760407588869 29.41460526951946 15.704406835257101; 0.16265697908662594 0.14934759777860795 0.13214521226044743
0.65 0.255; 103.36922700046976 29.231788316046764 13.279172554520647; 0.1624667279244477 0.14916277498111566 0.1317596740809465
0.65 0.255; 106.59701789491982 28.958434268808137 11.250215921612432; 0.16269751095575036 0.14428195669964097 0.13205610209302007
0.65 0.255; 106.59712020809677 22.22756139106934 11.307268349356907; 0.16269698030613297 0.14428121186539175 0.1320553519314682
0.65 0.255; 106.87985137345194 16.353724109214237 10.498945229327392; 0.1627560142662746 0.1442760905936965 0.13283837558444747
0.65 0.255; 108.31430573692677 16.242972133900974 7.341193833283685; 0.16315131234167693 0.14506846543154148 0.14012054935901966
0.65 0.255; 108.22432835612824 16.112203092739275 3.952837020732769; 0.16520988117599628 0.1450598734045236 0.1403597190691987
0.65 0.255; 108.05033597523004 15.550318586489436 3.00251723381776; 0.1663342295744162 0.1452414254771536 0.14054424988641326
0.65 0.255; 107.85230468262002 15.097662018734352 -1.4526832644095455; 0.1660654773635932 0.14505397480704446 0.13986845136050402
0.65 0.255; 113.50282143003705 14.813165818119643 -1.4956380083509022; 0.16606270971117218 0.14506856827502781 0.13989516837475158
0.65 0.255; 114.33807860407347 14.822142343510965 -5.143945209046982; 0.17514797658370734 0.15124584061780033 0.13845204159380026
0.65 0.255; 114.3449551900675 10.659427788108168 -6.424358963910747; 0.17509333078964204 0.14989887995868842 0.1413653629759507
0.65 0.255; 115.09661846787036 10.240210996692142 -6.431974700126623; 0.17458656129358732 0.1455388875519889 0.13867387532233014
0.65 0.255; 115.09661837248252 10.048055774650534 -6.432219863568511; 0.1744916356937619 0.14564269721818318 0.13865881166704558
0.65 0.255; 115.19400733160101 9.998907809935977 -12.840551124604978; 0.17328916689306406 0.1456406421262175 0.13869485064116252
0.65 0.255; 118.09558149145741 9.879362754252659 -13.014954617641227; 0.17277725416079098 0.145573869250143 0.13162258578359476
0.65 0.255; 118.84155113027862 8.484651866912747 -13.87097444096397; 0.17200908015687671 0.1465954101745448 0.13152977156248014
0.65 0.255; 118.87059253545125 8.233305557742437 -17.496409130649866; 0.171959097523402 0.14871143364609615 0.1315792533645057
0.65 0.255; 118.55430514168928 7.952050780944291 -18.61325591612395; 0.14570871007242991 0.15196062180544556 0.12819585540642897
0.65 0.255; 118.78290562281896 6.095008595866037 -22.079652402754327; 0.1453574534207121 0.1519568737742297 0.13002133521652307
0.65 0.255; 118.5912651539365 5.631806238957742 -24.495191454234856; 0.14793294342047134 0.15158471607380317 0.13941329305343125
0.65 0.255; 118.5929683522507 7.322217000164208 -28.071266945816458; 0.1509635678956778 0.1499950084612814 0.13942512163089565
0.65 0.255; 118.56781552770491 7.319774910770534 -29.488540281229962; 0.15162170321256555 0.1503010369877081 0.13925108862483912
0.65 0.255; 118.58499885338722 8.971200392985 -32.37428992411455; 0.15131735476045804 0.14978334315742425 0.14348898410221014
0.65 0.255; 119.57198110416262 5.856900971763141 -34.42813001271935; 0.13845534604627502 0.1500912463724173 0.14309666115254036
0.65 0.255; 119.24873965054158 5.1281795111406705 -37.70674122112082; 0.14183842651360695 0.14766400346723313 0.14454973445325195
0.65 0.255; 119.24851931533804 4.768051992026823 -43.16737757703124; 0.14169677671610642 0.14785584745513458 0.14594316564489654
0.65 0.255; 119.0303208060104 4.630235711819669 -49.24190025695424; 0.14166223054328783 0.1482642654268771 0.1457528198975471
0.65 0.255; 118.03905338971003 4.112676586955459 -49.24975976523832; 0.14176293699717504 0.1473157506396553 0.14503030147588752
0.65 0.255; 116.96009449220124 0.451186288793785 -50.64145928600972; 0.1415457263344651 0.14743392898989788 0.14450894358126087
0.65 0.255; 117.09470039294013 0.21221788464403374 -52.56314222550916; 0.1435111584877666 0.14867128791459555 0.14445346696826136
0.65 0.255; 116.44222448917763 0.07418468868395338 -53.94009591597206; 0.14308478932126725 0.14798078867894449 0.1449909110481251
0.65 0.255; 116.41684130952241 -1.0687100827455631 -54.10789184554519; 0.14333222874216295 0.14830449549146607 0.14510354984225204
0.65 0.255; 116.38846645368317 -1.1831807202570213 -55.11182993254776; 0.14334457462483582 0.14855504604609676 0.14495699444109045
0.65 0.255; 116.35984759175057 -1.7988478300487547 -59.959139054918325; 0.1433544814605256 0.15019522033063945 0.14495561784942107
0.65 0.255; 113.18844050535958 -1.8597470880388003 -63.18937773586361; 0.1430916200080323 0.1502663307071382 0.14683886262843496
0.65 0.255; 110.4891045001627 -1.9142499056145659 -63.199849013961135; 0.14173017702961374 0.1503243353319815 0.1468681135152335
0.65 0.255; 110.35014106523056 -2.7316266253407386 -68.56949042693373; 0.14171240821354947 0.1504659839316997 0.1467570722062893
0.65 0.255; 110.31332264461301 -6.485906569896264 -68.56637958934083; 0.1418354205986617 0.15045921804212353 0.1467556208985558
0.65 0.255; 110.3326212878089 -9.9977014151687 -68.55758048667302; 0.14212729245469613 0.14818918739462847 0.1467752943081651
0.65 0.255; 110.8725024195523 -13.815077861354261 -68.50137145770083; 0.14491712598686823 0.14921262566290808 0.1467214932907564
0.65 0.255; 108.25405398518862 -14.380109456534829 -68.54470654972965; 0.15056802930457006 0.14755161200366723 0.13690816448027074
0.65 0.255; 106.73982673852078 -14.559175984515212 -68.53079690836988; 0.13336186651363713 0.14077593638288868 0.13990640366198978
0.65 0.255; 105.25059228978732 -14.648147336142653 -67.79672895438217; 0.13523456923625138 0.14063132763751635 0.13879759122340135
0.65 0.255; 104.81999535488552 -18.25734835546361 -67.30783235121254; 0.1411854336043831 0.14068392567176236 0.1326499260695918
0.65 0.255; 102.18747431887624 -18.2720061963933 -66.49631347829424; 0.14082169924770627 0.14191990756762513 0.1402424475818546
0.65 0.255; 101.67014608527779 -21.723550686659458 -65.69112303544698; 0.14595377225412082 0.14064602425414746 0.14142764001461852
0.65 0.255; 100.75547415924976 -22.790461986250797 -65.48156800547237; 0.14474503848726317 0.1500283034768362 0.14173966925264248
0.65 0.255; 100.14283074205264 -22.825215784104273 -62.72442984651475; 0.14513928243935456 0.14539182436758383 0.14131477816458698
0.65 0.255; 94.85930480622608 -22.657181410234113 -62.6728575094268; 0.14058211064806497 0.14536216773579522 0.1404223754203852
0.65 0.255; 95.39921486067527 -22.069893262555514 -61.754506657261; 0.1808587166937019 0.14799345817313309 0.1373340695691279
0.65 0.255; 91.27887299499362 -22.034049586379485 -60.489113252586506; 0.1630456135570721 0.1492774965391373 0.13732921400305292
0.65 0.255; 90.52625237216307 -21.99946108003081 -56.40265054056804; 0.16399117847297726 0.15382431904748453 0.13735536834702522
0.65 0.255; 88.82066428447854 -21.231021256185734 -56.078836297051545; 0.1558420854452957 0.1554654012273263 0.13607006467953295
0.65 0.255; 88.9045881407946 -20.46936282559792 -50.617117152326216; 0.15592921342406565 0.15035815310536438 0.13591505348609437
0.65 0.255; 93.13698262666665 -20.40392986726555 -48.743613629147006; 0.1489937540186514 0.15374096151432926 0.1357894513522336
0.65 0.255; 93.11957763393849 -20.13224869405556 -43.914334938519175; 0.14531184791885027 0.15685404716362694 0.1346651605324948
0.65 0.255; 92.70026385759162 -19.212322560313886 -41.48577152765192; 0.14991996060219054 0.16290489291414725 0.13942619229430733
0.65 0.255; 93.09623949088746 -18.60022196659046 -39.11838080410645; 0.15142740426633836 0.16738636954308847 0.13907851259243018
0.65 0.255; 93.09555417396767 -14.464268375028968 -37.730754263344224; 0.15144991822740228 0.16590125929525018 0.14237717305513822
0.65 0.255; 91.24011336036162 -11.752845069150816 -37.304846708211; 0.1567385992066998 0.16488841567083237 0.14727153041271682
0.65 0.255; 90.91248353598729 -9.437950855104145 -35.48665985941822; 0.15755483166041684 0.16638242156409389 0.14927515079871612
0.65 0.255; 89.91794274462247 -9.274971312155738 -34.84197502712379; 0.15599376648977295 0.16639568284697362 0.1463334570580196
0.65 0.255; 89.91631922808976 -6.00016653878332 -33.876281578651145; 0.15600358395992406 0.16454400709485248 0.1458848237532516
0.65 0.255; 89.7902741457925 -7.383272114471813 -30.41087932591292; 0.15601901775863408 0.16432373876529704 0.1458097486660685
0.65 0.255; 87.62632207433609 -6.996707334653693 -28.896456371062786; 0.15600539026013954 0.16562137001630972 0.14584921570031897
0.65 0.255; 87.62632512073482 -4.785931831103288 -28.54743438662259; 0.1560607358856423 0.16403339829590693 0.14588145617734052
0.65 0.255; 90.18799696209271 -4.575287570712458 -25.40459908891545; 0.1580057814448109 0.1632539094159242 0.14822413690938857
0.65 0.255; 90.21886161885303 -4.760313340554254 -21.031211281821562; 0.15845575492446387 0.16473762903834557 0.14822006248399866
0.65 0.255; 90.94322625940347 -4.379974251883984 -17.52138884890019; 0.1583991395630275 0.16476528502656118 0.14679429240924682
0.65 0.255; 90.8530081224318 -2.5591922587806457 -15.551964733449527; 0.1577877543444248 0.14781957328286688 0.14660622357060316
0.65 0.255; 92.15845083139601 -2.412904300531741 -11.77548028503426; 0.15799830646344556 0.14807253239941642 0.14845288474083504
0.65 0.255; 93.42263796140618 -1.7337636994585155 -7.7974280853393765; 0.1551598594120663 0.16094894072135657 0.1498704110204789
0.65 0.255; 93.12053550184518 -0.48452163784325414 -7.4967041939003405; 0.1555015249304472 0.16157006665395837 0.15100507316619832
0.65 0.255; 92.67132738205964 4.5515054312731325 -7.466377046630283; 0.15550118560086987 0.1595544903061985 0.1510432099609556
0.65 0.255; 91.34322505184669 4.640237385044272 -4.935190097521085; 0.1600562411500892 0.16038088183113794 0.14948138732866278
0.65 0.255; 91.15880555058818 7.758651137571519 -3.2218480857946816; 0.16258268596096223 0.16082522242907474 0.1669644593847527
0.65 0.255; 91.23627978959564 6.38742227751166 1.5917811793420356; 0.15814257804876797 0.16123634435578957 0.16618050472085705
0.65 0.255; 91.20821567475791 5.5344367755267045 3.609381701809237; 0.15628729911781736 0.1612485041529734 0.16643924409959573
0.65 0.255; 90.00633876613107 5.363636378782738 8.06610779319078; 0.15803739411686749 0.1646670316821369 0.16506071123060698
0.65 0.255; 86.89504680665216 5.881615025644828 8.627884868984639; 0.15773569158498774 0.1649158340530227 0.16862863978246517
0.65 0.255; 85.59515316569328 5.881561594698771 11.624957120742224; 0.15523598523131849 0.16507666908575744 0.16590203713576201
0.65 0.255; 85.21761717677916 5.719866909323999 11.78146533620946; 0.1549748298864911 0.17962732414518578 0.16584589523446772
0.65 0.255; 85.21621057531178 0.06004736962442597 11.785498836555512; 0.15499697661392906 0.1795748032949426 0.16584495318249026
0.65 0.255; 85.20887950052645 -2.883599533202849 13.686795987195893; 0.15584180558281766 0.17964869983410847 0.15009341711354415
0.65 0.255; 84.17425945780089 -2.825741691969447 14.462754527559639; 0.15640571449199425 0.18077810508368605 0.1488639372967449
0.65 0.255; 83.71446387068305 -2.2700590663080926 16.21431116534781; 0.1485765631277589 0.16303107040805231 0.15135460259412417
0.65 0.255; 83.66956841843333 -1.4867020785072305 19.288945042601544; 0.1482474091278662 0.16998647437751782 0.14988824043408083
0.65 0.255; 83.66956500194682 -1.508165891894837 20.980575367251554; 0.14809024584522584 0.16962723863972562 0.14984235715363914
0.65 0.255; 83.1748788167946 -1.5945617037408994 21.091452488247945; 0.14779233391367858 0.16975277518552706 0.15088280224898737
0.65 0.255; 78.6611431562542 -1.6550673306856636 21.538184387962335; 0.1468782930006295 0.16889020941321928 0.1505479461484906
0.65 0.255; 78.67373993443195 -5.337858295899319 23.370983589536866; 0.14598612583959258 0.16840345180433822 0.15172635089823971
0.65 0.255; 79.01224812424249 -5.981643531300583 24.153097432007982; 0.14645788603458443 0.17063974902272505 0.15168650045676718
0.65 0.255; 79.00874965877922 -5.981692169974652 27.605022544792835; 0.14564726771923436 0.17063762600145807 0.1516767549828269
0.65 0.255; 78.9132861059974 -6.411801011336087 31.457834834351413; 0.14580416271090352 0.17089429518177932 0.15174317454668831
0.65 0.255; 78.6979939556217 -11.501817629194331 31.73858281704409; 0.14580547386686202 0.17093648379520904 0.15174511874419677
0.65 0.255; 77.88816197990333 -13.714594640305817 32.804863589645564; 0.14489777040037713 0.1738546436099349 0.1519957195157817
0.65 0.255; 77.78768130295268 -13.714842812004514 34.62798768319041; 0.14502371086956065 0.17402446752115083 0.15106782234535301
0.65 0.255; 77.63522021135263 -13.730319948762922 36.19612078163402; 0.14547831606435038 0.1741155335661596 0.15099241586356874
0.65 0.255; 75.49853640202699 -13.763316657688598 37.071443588052745; 0.1400538778609434 0.15668115806892954 0.1508219515689862
0.65 0.255; 72.00958296832422 -16.459460017047896 37.01671178302354; 0.14041709407429304 0.15666642042703346 0.1514358299724614
0.65 0.255; 72.0085020333778 -20.747257218049697 37.16406872125742; 0.14034204317617502 0.15654004363844676 0.15067309290009917
0.65 0.255; 67.86983912490501 -21.34327033259081 37.24317826149098; 0.14157624198363916 0.15653999863958107 0.1506422272745437
0.65 0.255; 67.86451723988708 -22.32021931450873 40.55333286802899; 0.14292426113652992 0.15655251350410612 0.15026704174421096
0.65 0.255; 67.54845960572429 -25.09210123505152 42.395379225767584; 0.1429189777421379 0.1569750085553611 0.14922676508010924
0.65 0.255; 67.82452819540244 -25.9104117964708 46.636842245015515; 0.14295139000404944 0.15694778619739844 0.1492256691809762
0.65 0.255; 67.82036712314736 -28.218003438245976 48.32233861130582; 0.1432290142636718 0.15706089462801615 0.15954853371069727
0.65 0.255; 67.62081849070748 -30.188822983380568 52.437812609888965; 0.1431451465003312 0.1586921749130204 0.16013447200684436
0.65 0.255; 67.52149139920245 -35.68844546924138 53.084385353464775; 0.14267872982614196 0.15869915393947362 0.16026232335566676
0.65 0.255; 64.82465362190072 -36.45018806467391 53.156886865043504; 0.1429499583890905 0.16177983880164817 0.16003255918493617
0.65 0.255; 64.11857535922825 -36.47405259237977 53.47157036842113; 0.1429556415025143 0.16153152496154624 0.160035131254357
0.65 0.255; 63.96927923132211 -37.58263976010563 54.87139599467496; 0.14911765553635029 0.16098587103176434 0.15995823478006424
0.65 0.255; 63.80579813678713 -39.07599157377123 55.75925062756204; 0.14914227537783004 0.1608770527988911 0.16000202309982217
0.65 0.255; 62.49184060078253 -39.103627442441415 57.688972411762634; 0.1571036347952137 0.1577593167233555 0.16029897908409657
0.65 0.255; 62.336490797585355 -41.19111565502955 58.72594703881823; 0.16058864672852785 0.15884793499457397 0.1602804957963203
0.65 0.255; 62.11293015323143 -41.28130981615047 63.00466304808479; 0.1566096906456064 0.1584625342577384 0.16028675156903457
0.65 0.255; 61.81826756869368 -42.927150342106444 63.57096749506224; 0.15661491842839004 0.1584792524730883 0.16027693408596075
0.65 0.255; 61.773398018484905 -43.40515821636254 67.79759456113845; 0.15660777437539472 0.1602474948526319 0.1602766857196755
0.65 0.255; 61.95652171351863 -43.63803634633205 69.60218625716163; 0.1571855060094041 0.16024524210183175 0.16086402558498758
0.65 0.255; 62.726135506017776 -43.69544900817619 69.95490306343598; 0.15742815099500573 0.16038018946450291 0.16087178725480458
0.65 0.255; 62.42517687311202 -49.15527715204702 70.09510959656834; 0.15896683283191218 0.16602198143623742 0.1659587686543845
0.65 0.255; 62.39396019129379 -49.554985890886 75.08028232758112; 0.15900621513670526 0.16529231100322234 0.165967490503233
0.65 0.255; 62.90306533348374 -54.667445409868215 75.44098276213006; 0.15909615269882796 0.16575439973969655 0.16601060519222677
0.65 0.255; 62.94060020229492 -54.79128887063095 80.54529277672314; 0.16318880591946391 0.16575729388777424 0.1660209925416907
0.65 0.255; 62.931791963271074 -54.86330971076612 81.03814033615565; 0.1632231816281002 0.16611664179385807 0.16618369752862883
0.65 0.255; 62.920038789246306 -56.584711640735584 83.20151800142831; 0.1632217404062316 0.16556250835557107 0.1662765842289906
0.65 0.255; 63.131212836042636 -59.44470819664536 86.23576171140874; 0.16357237008594508 0.16522532136876292 0.16636517154192967
0.65 0.255; 63.11141856629593 -59.446967041032885 88.70506841763775; 0.16350081812101347 0.16533042240661378 0.16833187559610382
0.65 0.255; 63.20445060470382 -59.45701087409337 90.32971557623783; 0.16238639732662422 0.16463543637412853 0.16938736452888115
0.65 0.255; 63.20424506282553 -64.7394890642963 91.12760318597863; 0.16234068826376663 0.16481929954291077 0.16939594729224064
0.65 0.255; 63.237301684918684 -70.20551830341535 92.61274539392734; 0.16236956916673412 0.16543031405249514 0.16939648429958315
0.65 0.255; 63.23678872146874 -70.2134570512643 98.14789634443106; 0.16236974141422217 0.16542167271192865 0.16942076184335852
0.65 0.255; 64.14119807731784 -71.82591434096334 99.38026276972288; 0.16774029204533838 0.15915968714725567 0.16907513360893747
0.65 0.255; 64.14552187393089 -75.71154988991464 101.36107836014529; 0.1690919957856077 0.1591556351410984 0.1690542631348588
0.65 0.255; 64.03519457891629 -75.7156077509661 104.25314016295471; 0.16909514279865456 0.15915852576709347 0.16908434794125055
0.65 0.255; 63.88593023306544 -75.71800373597755 108.05799703588235; 0.16910164924234153 0.15916035935344736 0.16910576582210837
0.65 0.255; 63.885927828643496 -75.76964753560803 111.57462559205707; 0.16912224352255587 0.15993947067821906 0.16912544193566875
0.65 0.255; 63.298568978264186 -75.97347376546386 111.68441181239426; 0.16912215105332176 0.15984018137366934 0.1691370372547662
0.65 0.255; 64.2580162988683 -79.86078770575237 111.45929061374856; 0.1692808729878007 0.15946076907122744 0.16940306311763795
0.65 0.255; 63.08020676989209 -82.71678540449615 111.51785203412358; 0.19092110524953942 0.16851022741092514 0.1739677573920257
0.65 0.255; 62.9292474804551 -83.60179227678623 113.5757674338797; 0.19112351223267215 0.17313963045588768 0.1739951158545115
0.65 0.255; 62.4351208645445 -85.7063327734619 114.58277792367497; 0.1909084591568737 0.1885783378748731 0.17903495382092727
0.65 0.255; 62.43533035454818 -89.85860489569585 114.583723950036; 0.19177508673967666 0.18874974976798214 0.181648928566447
0.65 0.255; 62.09157474953981 -89.99431001728054 119.35023239148151; 0.19201693894936933 0.19049421152617857 0.18169760950166597
0.65 0.255; 59.999999999999986 -90.0 119.99999999999997; 0.2 0.2 0.2
