0.35 0.255; 119.99999999999997 90.0 -119.99999999999997; 0.2 0.2 0.2
0.35 0.255; 117.00933645774784 75.41018612182701 -116.97720008453678; 0.18598335537224756 0.16165866412534347 0.18111106736141383
0.35 0.255; 116.36343845894528 73.03645189600823 -116.57715815271811; 0.18589962602051086 0.16162731171436104 0.1811107002259691
0.35 0.255; 117.05790913508339 63.478942919030196 -100.45718989662464; 0.18592471938903174 0.16320407285700997 0.1811559163594678
0.35 0.255; 117.29547118500086 46.017512002815174 -97.46784463469359; 0.1854160804119898 0.16320391785179508 0.18114789180326565
0.35 0.255; 108.77932613387789 42.811308336700094 -91.08014219686864; 0.17751499641690205 0.16347167196461695 0.1688943654604732
0.35 0.255; 103.99115057454009 25.20599726957652 -91.5469995124146; 0.14804598279232922 0.14174184117101185 0.16500042006544158
0.35 0.255; 91.71882679642243 25.30801466041593 -94.95004926269988; 0.14839910594999886 0.1583082237419705 0.14577327944066407
0.35 0.255; 84.53411958709783 26.052596872193174 -103.95123806256234; 0.14517236789102875 0.1430925496114105 0.14107920794738457
0.35 0.255; 84.2370457906891 1.2102660266675611 -103.29672123216159; 0.14517460531338283 0.14321021087475286 0.1408745664542051
0.35 0.255; 84.14926129186945 0.5057118051520553 -99.90193724905315; 0.15234521635414627 0.14852206021648123 0.1411213422021254
0.35 0.255; 82.47641902126603 -9.65249488020833 -88.73006447549514; 0.1518781329479303 0.13664462379450423 0.1736293625903041
0.35 0.255; 79.86155062695438 -17.039918050300667 -92.193203231755; 0.15185691212695207 0.13658796658895286 0.1764846662211457
0.35 0.255; 78.17668114486929 -22.830388843015292 -90.56425506111644; 0.14996689574416391 0.13626099834106734 0.18782901167127747
0.35 0.255; 67.33882507594483 -25.429338870917423 -90.4536407154319; 0.1499598970162743 0.1362163595536348 0.19110875448619483
0.35 0.255; 68.50427631479647 -30.5804089881965 -90.47481672814594; 0.18886786890017795 0.1388789680434147 0.1842615127878948
0.35 0.255; 67.70150804907222 -31.92099968184363 -67.50332974750391; 0.19053860930878408 0.13405434072802785 0.18746189662343465
0.35 0.255; 66.84233148807367 -36.529768966565904 -58.93333001350828; 0.15925578738407647 0.1309489514392938 0.18757084216482428
0.35 0.255; 66.84233097319245 -63.539248418568675 -58.91345663805192; 0.16013310617027296 0.13129424623717403 0.18758177554334785
0.65 0.255; 124.38962591657186 58.91345663805192 63.539248418568675; 0.18758177554334785 0.13129424623717403 0.16013310617027296
0.65 0.255; 110.586298740205 58.98705216222299 61.867026528707946; 0.18951073106132799 0.13141088765330242 0.15567336721325048
0.65 0.255; 103.31053781969774 60.09393430328916 47.28186955923024; 0.18553226359513095 0.13035317260911605 0.16581058956511543
0.65 0.255; 106.43337569489266 37.82101831714292 46.92178999006348; 0.18977895786360013 0.12868856317427627 0.1581153027487869
0.65 0.255; 103.48763415300299 31.011197976140583 46.37511605263176; 0.1835477122851698 0.1348629184704363 0.15460606864809395
0.65 0.255; 102.80505225804119 21.699890289040106 50.8115399110479; 0.1832674420307366 0.13506061602679587 0.15501592884001983
0.65 0.255; 96.47223624970299 21.38691461798285 70.06741078882672; 0.18102100964854811 0.13488377351907047 0.16575715438375532
0.65 0.255; 97.86678459996129 10.241749500376306 70.56467394586024; 0.1800347818951951 0.1362949757517901 0.1656579140271621
0.65 0.255; 97.57937862301105 2.5243204974947595 70.86916874557228; 0.17775745538979024 0.1367262849352747 0.16945545524140876
0.65 0.255; 98.45492362246868 -9.623720074666588 81.44481103592926; 0.12582323222160557 0.13913551761901136 0.16852105989638244
0.65 0.255; 98.16582769499509 -35.03728746454443 81.84837783479472; 0.1322925651462846 0.1393229075527607 0.16852089754397107
0.65 0.255; 90.16897646338998 -41.21477042511534 74.75355037249875; 0.14531146118246097 0.1509653459487511 0.18203794007288712
0.65 0.255; 76.74845503015638 -38.29599209813832 76.17759324860148; 0.14591691948817465 0.1513865806308382 0.17996412633095032
0.65 0.255; 75.42833902135791 -39.284650329340366 92.23482816380785; 0.15350703522433964 0.14136625599804523 0.15122421746794484
0.65 0.255; 75.40617240104756 -45.344375848915995 98.93864403623826; 0.1747842284889877 0.14339640136847637 0.14755247507319905
0.65 0.255; 75.39145727562482 -63.35410774531053 100.93538967475615; 0.17523946184175385 0.15280042386179374 0.15261715737384632
0.65 0.255; 78.63475271386517 -70.88048725803559 108.90409842497606; 0.1690774656803912 0.15846758964798402 0.12418707194775938
0.65 0.255; 76.43003170759243 -88.57972697969173 110.19951681743949; 0.170881621955409 0.15846376438630794 0.13801989799370237
0.65 0.255; 68.69500650001154 -100.30125485314481 110.7279054790312; 0.17093080167074703 0.159210381746189 0.1376871041479728
0.65 0.255; 65.58813313261165 -100.29094004155384 120.87276390541265; 0.17074033147452228 0.15848328468419207 0.13768441035396267
0.65 0.255; 65.57697506058403 -100.27833048175034 130.1600060205421; 0.1707411193778065 0.1584835528173011 0.13729381832589602
0.65 0.255; 61.89017524165149 -99.90122560279981 135.82422274811557; 0.17089329878248763 0.1682698058408211 0.1364021126357318
0.65 0.255; 61.18775201369977 -99.34815899177681 136.69276603111365; 0.17488551203583988 0.18046106028309578 0.13656705409230838
0.65 0.255; 60.05758627973838 -89.16168786926283 134.7692764678893; 0.1775809878140845 0.18714774866252207 0.13649259725690532
0.65 0.255; 59.999999999999986 -90.0 119.99999999999997; 0.2 0.2 0.2
