0.5 0.3; 29.999999999999993 29.999999999999993 29.999999999999993; 0.2 0.2 0.2
0.5 0.3; 31.089958247268953 30.254147854205502 29.253029033414936; 0.19999947265635418 0.17989730413349198 0.18709422342336854
0.5 0.3; 31.087296259318787 30.27226536872272 23.472256585171458; 0.18635068599509805 0.17936324339152124 0.18697221471004946
0.5 0.3; 34.91916103830887 27.26299577612185 23.382389482204278; 0.18620845558474294 0.1785995552082624 0.1869029685541155
0.5 0.3; 34.919429363986545 27.203832453776783 21.316886869815395; 0.1861954325906128 0.17861794869939174 0.18690271149249066
0.5 0.3; 34.92153726929478 26.401644548396273 20.273716764147927; 0.18581399426407194 0.17861743721057682 0.18690208042882112
0.5 0.3; 36.15521091179473 26.02646425858446 19.30810950217765; 0.18467702693230564 0.17841414689983023 0.18673131350894978
0.5 0.3; 41.68991979975718 26.216741390097766 19.279460708822896; 0.18466944700261273 0.1782527373809173 0.18646297267974374
0.5 0.3; 42.124404133569236 26.221643589142595 18.44499773966477; 0.18466983556771552 0.17825028152492164 0.18537835053871513
0.5 0.3; 42.06804756232819 26.435326964228917 11.773695784738827; 0.18460753348556244 0.1780938239094635 0.18446018734780695
0.5 0.3; 42.87820733947512 26.41770771797671 9.180591850732029; 0.18460452712438244 0.1780932034264486 0.18445659307628684
0.5 0.3; 43.8390228374561 26.350865750169877 3.7696498614292984; 0.1829638951072851 0.17829957582600597 0.1822360580679896
0.5 0.3; 43.83339355225989 26.308918052442475 -2.1029081272098917; 0.18296230343310887 0.17796651859522677 0.18221882112962764
0.5 0.3; 46.75656606043563 26.37536344305717 -2.295059396456715; 0.18294774312609333 0.17791660745332646 0.18221126095564139
0.5 0.3; 48.84762200760262 22.42613649405835 -2.800901106811529; 0.18286903292000659 0.17773392144716227 0.18217596309889467
0.5 0.3; 48.85780343571123 22.41605949875491 -5.62275914817675; 0.1806687620437672 0.17771993577760853 0.18201896989489028
0.5 0.3; 51.55048203180862 21.934774754753192 -6.752938087642806; 0.1729734961153529 0.17738087246301212 0.17966664445237954
0.5 0.3; 53.479843487383974 24.13190345074886 -6.937710251059964; 0.17290683738425672 0.17731759161750393 0.16006468662858836
0.5 0.3; 55.60060805972814 24.39674130781385 -8.824136128803309; 0.17303776169087987 0.1764156215419848 0.16006511525158995
0.5 0.3; 56.18821838698673 24.4734039546756 -9.096760572240012; 0.17283118306746828 0.17636452947037648 0.15698101740211218
0.5 0.3; 57.05082787570269 24.405771663398014 -11.237549377388019; 0.17279803847739297 0.1761042577642228 0.15693932883398123
0.5 0.3; 60.109593769553136 25.489983243809593 -11.244489865849197; 0.17297926295028193 0.16921264573986763 0.15700885622488361
0.5 0.3; 63.70920683981648 23.398396017790333 -12.039618480344012; 0.17253340861796607 0.1692212652341133 0.1570091512964614
0.5 0.3; 63.86620405936045 23.833967205523354 -14.687808214981413; 0.17116892586275032 0.16922095075279253 0.15449403240081594
0.5 0.3; 64.09815078452452 23.00532841167318 -19.57137016640998; 0.17018424497045428 0.16751612743624225 0.15538885298134633
0.5 0.3; 64.43453069306837 23.068003846226148 -24.57349656779642; 0.1701841881734916 0.16741272509896157 0.15538299006933814
0.5 0.3; 64.44835807955889 22.077234175581406 -27.406241615810902; 0.16946107933297044 0.1658623798652418 0.15105342776368402
0.5 0.3; 64.240016153577 17.854218089010033 -27.48991448498404; 0.16902334523170404 0.16584820324354294 0.1500346133331316
0.5 0.3; 64.50910424502578 17.85054967092543 -29.875667299907242; 0.1697259977402604 0.16659847698457786 0.15003452907907128
0.5 0.3; 68.06191513007553 16.23703111315482 -30.02758476130045; 0.17016855016784913 0.16642292926409605 0.1500460280914342
0.5 0.3; 68.15828489317015 14.01204214887492 -30.494229026169723; 0.159641554010363 0.1659014277735897 0.14999849525791265
0.5 0.3; 71.03558928912116 10.560050407136593 -30.662263022482392; 0.16022228913971437 0.16376772300196768 0.15006824947704178
0.5 0.3; 71.03575702635816 8.454001922300861 -30.594739240420996; 0.15678568511837432 0.16245950329697575 0.1534288334236813
0.5 0.3; 71.49926974478164 5.236699545364145 -29.747536360982483; 0.15794359064788974 0.16324840889845593 0.1534238011768919
0.5 0.3; 71.46047759753205 -0.3886966935737737 -29.858677944300283; 0.15735002684671467 0.1684609495951986 0.14118272510758686
0.5 0.3; 71.51703606710656 -4.373470586959396 -31.172332318937986; 0.15735524873759543 0.16718210136687492 0.1427995286486345
0.5 0.3; 71.51717144834998 -4.3884181409825755 -35.75754359248527; 0.15701275670349246 0.1671860802509258 0.1427978709297279
0.5 0.3; 71.65235695619455 -4.422298380678027 -39.452367221443915; 0.15703744413113627 0.16691750407427317 0.14279410826205916
0.5 0.3; 71.6061493742615 -5.43369113979508 -39.95330397764164; 0.15163617757667974 0.16663626973507178 0.12991827840113052
0.5 0.3; 74.36348974964629 -7.008060397539983 -41.69444535938863; 0.15230889896802796 0.16672319587104917 0.12992290851326116
0.5 0.3; 74.11459309354281 -10.909673596512254 -43.35683167901991; 0.15234255850395134 0.1668262994852932 0.12986117111196402
0.5 0.3; 74.48362173601143 -13.915590775436145 -45.61709087626671; 0.15255970840519015 0.14912264682026205 0.12407544781634898
0.5 0.3; 75.87043531272016 -13.861417660259699 -46.726823606597165; 0.15343769604688892 0.14871242774744206 0.14058140592878907
0.5 0.3; 76.00712358321205 -15.699482527664992 -49.74677993049928; 0.15505456000416767 0.15104663675673888 0.14600409896896785
0.5 0.3; 77.3852812572875 -18.8487628223166 -51.74872578022224; 0.15637928323447936 0.1508749392532579 0.15167165411657
0.5 0.3; 77.59963982390028 -20.866821022684938 -51.97641818311014; 0.15639577673530106 0.1509965568774091 0.15148870858091282
0.5 0.3; 77.72105778042169 -21.770347511086122 -52.57290346995987; 0.15686908353185788 0.14996878713077802 0.15134104566187612
0.5 0.3; 75.37132063162815 -22.333179991475134 -52.60634228932389; 0.1710879530513373 0.14975719676711718 0.15162623068993863
0.5 0.3; 75.30532656728042 -25.07774138088024 -52.873000916769264; 0.17080152215642672 0.1498097504796105 0.1515930243728049
0.5 0.3; 75.33230571497742 -26.616252756701503 -54.98194842295897; 0.16886524118329008 0.15250676908395944 0.15100380404940048
0.5 0.3; 75.83043400769475 -26.621540738570374 -60.63552371724564; 0.1688663129916372 0.15272726504860681 0.1511216319672138
0.5 0.3; 75.91790193486688 -28.20533210750788 -60.826714176790155; 0.1692398026333343 0.15272588152167887 0.15118998067999675
0.5 0.3; 75.92118778324823 -30.612544089462833 -60.827405650975294; 0.16797042613814955 0.15271171260202004 0.1497425224915449
0.5 0.3; 79.96959610709894 -31.006714994265987 -60.79674267423905; 0.16474670518116116 0.15334483862082596 0.1497698219288284
0.5 0.3; 80.20055850932265 -37.02929669390388 -60.785748592700706; 0.16470412491331235 0.15334467089402348 0.14968715954530104
0.5 0.3; 80.89123467904562 -37.9060917469336 -59.67692667798155; 0.13863778445780722 0.15040847544378744 0.1495369073727172
0.5 0.3; 84.05266360648403 -38.39316627171637 -59.39526148641661; 0.135803116074585 0.15711308559853762 0.1567063919839247
0.5 0.3; 84.7429712291406 -38.396809870850205 -61.20416566861683; 0.12403584074325984 0.1563564851005476 0.157768690470023
0.5 0.3; 88.6426414186432 -36.61698362553569 -61.871928405731715; 0.12283303569483632 0.16031034109507894 0.1622791961954992
0.5 0.3; 92.49914441676408 -35.098161038885145 -61.875103219429185; 0.12283255536002284 0.1590979056642111 0.15673543143756347
0.5 0.3; 92.3892544506164 -29.126576898864947 -61.907873218598894; 0.12282520036167545 0.1590895245156497 0.15675891104651687
0.5 0.3; 93.32334102687767 -24.064744506321365 -61.40964509366224; 0.12281498996469047 0.15908914128774143 0.15698524919194512
0.5 0.3; 97.74205268719832 -23.972367820234297 -62.119113402772555; 0.12372738036554008 0.1577956298204924 0.1549197815699593
0.5 0.3; 102.01295388757126 -23.789633739708723 -62.24895147355507; 0.12282699904143263 0.16150173670890974 0.15440522877093382
0.5 0.3; 103.49135481721093 -22.05912776010848 -62.117945104667164; 0.12253830339017116 0.1742533016096192 0.155736073851819
0.5 0.3; 106.97183840820863 -20.601557405139758 -61.837561895383764; 0.12246478461488094 0.17425801336162228 0.15543615015487783
0.5 0.3; 110.38135022361523 -21.653594512209924 -60.37568044866276; 0.13251762158665184 0.17425680317287767 0.15645891421870511
0.5 0.3; 110.38461489768508 -21.542721067018416 -54.943383800033885; 0.13173504995545282 0.17450319762487698 0.1564599570888744
0.5 0.3; 110.43635253811715 -22.056739892590265 -54.691916143716846; 0.13009521024697807 0.1776001550461405 0.15594887447622394
0.5 0.3; 112.72163141708529 -23.531598853430957 -53.485532965466206; 0.1300534106138813 0.17692612344700423 0.15679954233641213
0.5 0.3; 114.87853587407425 -21.8674567589591 -52.76617270151159; 0.12977324658499376 0.17762304055629713 0.15795401798166295
0.5 0.3; 116.63819060881087 -19.858006073164553 -51.28455655576872; 0.15541046250100202 0.17893464759453306 0.15825950109325335
0.5 0.3; 116.65727989062812 -19.839840055944165 -47.93046347896522; 0.1554803663469966 0.18100927537903097 0.1584430454227006
0.5 0.3; 117.10688403358634 -19.48116543542731 -43.82898065472312; 0.16290860044815803 0.16408701222728533 0.17003472689718271
0.5 0.3; 120.89502928518255 -19.11958532292184 -42.27400581182837; 0.16383137852864502 0.16412993570852394 0.1700250403533716
0.5 0.3; 120.9837385905699 -19.091275705675507 -41.02648523310564; 0.16390145978178652 0.16413744027463628 0.17044484121618297
0.5 0.3; 120.98777910819896 -18.837309180568354 -40.13090978189286; 0.17589465570538934 0.16413425522134692 0.17077852352181588
0.5 0.3; 122.08302079741246 -17.47233755554442 -40.12995948584717; 0.17191088296449689 0.16510267418635682 0.17252281922398757
0.5 0.3; 124.11982676134845 -17.22627635312394 -40.07344267861994; 0.17188079633634584 0.1621329335042745 0.17254553956812702
0.5 0.3; 125.6710946090853 -16.575856708708024 -39.59479821275791; 0.1718741424973891 0.16336313707608258 0.1726007768973384
0.5 0.3; 127.30811658627165 -15.178555570468623 -39.51124526615456; 0.171883725855701 0.16336876820462481 0.17374774143402924
0.5 0.3; 127.34674420297716 -15.089477466976414 -38.119937797764; 0.1713456422162045 0.16275588273632663 0.17377454161656572
0.5 0.3; 128.3606602680985 -15.593768157697816 -37.70784119995082; 0.17331214968618747 0.16311187890497397 0.17385448074649326
0.5 0.3; 134.24136540656707 -15.591187885368523 -37.682150346288104; 0.17331692385042977 0.1632719926844911 0.1738020458648438
0.5 0.3; 134.2441860231856 -15.574977121112681 -37.61039081241816; 0.1759255601618691 0.1632665990286068 0.1758327928526579
0.5 0.3; 138.90466579806403 -15.682550540536766 -37.40005785353723; 0.1789855697133914 0.1657919233898288 0.17578345712194662
0.5 0.3; 139.99445984209765 -17.03197521109561 -37.22424899657381; 0.17913649473459684 0.1658039492059232 0.17578751782017007
0.5 0.3; 142.1151173891071 -17.992409418522687 -34.81391176320022; 0.18068521348591565 0.1657834933301814 0.1757677438189214
0.5 0.3; 143.4587609887165 -18.976152110607316 -33.74071274561166; 0.1809549756930292 0.1662221135805228 0.17572341271919625
0.5 0.3; 145.3554776008222 -19.03378527235511 -31.00219400711969; 0.18152405478113265 0.17267087638565107 0.17533095979426092
0.5 0.3; 147.01232965354018 -19.62917095291576 -30.51174383687025; 0.18520349469396205 0.1751078950271631 0.18107587439901682
0.5 0.3; 149.11174714181817 -19.719655719421347 -30.503077384963667; 0.1908502110020151 0.18062321765553832 0.1833929431916342
0.5 0.3; 149.41497037666326 -22.752720585790517 -30.503872634462265; 0.1939650725584915 0.18047841017309793 0.18339662322264366
0.5 0.3; 149.61005960499133 -28.537194391607226 -31.151292846793947; 0.19419534131395652 0.17630734686333321 0.18341846107737703
0.5 0.3; 150.00000000000003 -29.999999999999993 -29.999999999999993; 0.2 0.2 0.2
